# Camera 0
800.000000 0.000000 320.000000 0.000000 800.000000 240.000000 0.000000 0.000000 1.000000
# Camera 1
800.000000 0.000000 320.000000 0.000000 800.000000 240.000000 0.000000 0.000000 1.000000
# Camera 2
800.000000 0.000000 320.000000 0.000000 800.000000 240.000000 0.000000 0.000000 1.000000
# Camera 3
800.000000 0.000000 320.000000 0.000000 800.000000 240.000000 0.000000 0.000000 1.000000
# Camera 4
800.000000 0.000000 320.000000 0.000000 800.000000 240.000000 0.000000 0.000000 1.000000
# Camera 5
800.000000 0.000000 320.000000 0.000000 800.000000 240.000000 0.000000 0.000000 1.000000
# Camera 6
800.000000 0.000000 320.000000 0.000000 800.000000 240.000000 0.000000 0.000000 1.000000
# Camera 7
800.000000 0.000000 320.000000 0.000000 800.000000 240.000000 0.000000 0.000000 1.000000
# Camera 8
800.000000 0.000000 320.000000 0.000000 800.000000 240.000000 0.000000 0.000000 1.000000
# Camera 9
800.000000 0.000000 320.000000 0.000000 800.000000 240.000000 0.000000 0.000000 1.000000
# Camera 10
800.000000 0.000000 320.000000 0.000000 800.000000 240.000000 0.000000 0.000000 1.000000
# Camera 11
800.000000 0.000000 320.000000 0.000000 800.000000 240.000000 0.000000 0.000000 1.000000
# Camera 12
800.000000 0.000000 320.000000 0.000000 800.000000 240.000000 0.000000 0.000000 1.000000
# Camera 13
800.000000 0.000000 320.000000 0.000000 800.000000 240.000000 0.000000 0.000000 1.000000
# Camera 14
800.000000 0.000000 320.000000 0.000000 800.000000 240.000000 0.000000 0.000000 1.000000
# Camera 15
800.000000 0.000000 320.000000 0.000000 800.000000 240.000000 0.000000 0.000000 1.000000
# Camera 16
800.000000 0.000000 320.000000 0.000000 800.000000 240.000000 0.000000 0.000000 1.000000
# Camera 17
800.000000 0.000000 320.000000 0.000000 800.000000 240.000000 0.000000 0.000000 1.000000
# Camera 18
800.000000 0.000000 320.000000 0.000000 800.000000 240.000000 0.000000 0.000000 1.000000
# Camera 19
800.000000 0.000000 320.000000 0.000000 800.000000 240.000000 0.000000 0.000000 1.000000
# Camera 20
800.000000 0.000000 320.000000 0.000000 800.000000 240.000000 0.000000 0.000000 1.000000
# Camera 21
800.000000 0.000000 320.000000 0.000000 800.000000 240.000000 0.000000 0.000000 1.000000
# Camera 22
800.000000 0.000000 320.000000 0.000000 800.000000 240.000000 0.000000 0.000000 1.000000
# Camera 23
800.000000 0.000000 320.000000 0.000000 800.000000 240.000000 0.000000 0.000000 1.000000
# Camera 24
800.000000 0.000000 320.000000 0.000000 800.000000 240.000000 0.000000 0.000000 1.000000
# Camera 25
800.000000 0.000000 320.000000 0.000000 800.000000 240.000000 0.000000 0.000000 1.000000
# Camera 26
800.000000 0.000000 320.000000 0.000000 800.000000 240.000000 0.000000 0.000000 1.000000
# Camera 27
800.000000 0.000000 320.000000 0.000000 800.000000 240.000000 0.000000 0.000000 1.000000
# Camera 28
800.000000 0.000000 320.000000 0.000000 800.000000 240.000000 0.000000 0.000000 1.000000
# Camera 29
800.000000 0.000000 320.000000 0.000000 800.000000 240.000000 0.000000 0.000000 1.000000
# Camera 30
800.000000 0.000000 320.000000 0.000000 800.000000 240.000000 0.000000 0.000000 1.000000
# Camera 31
800.000000 0.000000 320.000000 0.000000 800.000000 240.000000 0.000000 0.000000 1.000000
# Camera 32
800.000000 0.000000 320.000000 0.000000 800.000000 240.000000 0.000000 0.000000 1.000000
# Camera 33
800.000000 0.000000 320.000000 0.000000 800.000000 240.000000 0.000000 0.000000 1.000000
# Camera 34
800.000000 0.000000 320.000000 0.000000 800.000000 240.000000 0.000000 0.000000 1.000000
# Camera 35
800.000000 0.000000 320.000000 0.000000 800.000000 240.000000 0.000000 0.000000 1.000000
# Camera 36
800.000000 0.000000 320.000000 0.000000 800.000000 240.000000 0.000000 0.000000 1.000000
# Camera 37
800.000000 0.000000 320.000000 0.000000 800.000000 240.000000 0.000000 0.000000 1.000000
# Camera 38
800.000000 0.000000 320.000000 0.000000 800.000000 240.000000 0.000000 0.000000 1.000000
# Camera 39
800.000000 0.000000 320.000000 0.000000 800.000000 240.000000 0.000000 0.000000 1.000000
# Camera 40
800.000000 0.000000 320.000000 0.000000 800.000000 240.000000 0.000000 0.000000 1.000000
# Camera 41
800.000000 0.000000 320.000000 0.000000 800.000000 240.000000 0.000000 0.000000 1.000000
# Camera 42
800.000000 0.000000 320.000000 0.000000 800.000000 240.000000 0.000000 0.000000 1.000000
# Camera 43
800.000000 0.000000 320.000000 0.000000 800.000000 240.000000 0.000000 0.000000 1.000000
# Camera 44
800.000000 0.000000 320.000000 0.000000 800.000000 240.000000 0.000000 0.000000 1.000000
# Camera 45
800.000000 0.000000 320.000000 0.000000 800.000000 240.000000 0.000000 0.000000 1.000000
# Camera 46
800.000000 0.000000 320.000000 0.000000 800.000000 240.000000 0.000000 0.000000 1.000000
# Camera 47
800.000000 0.000000 320.000000 0.000000 800.000000 240.000000 0.000000 0.000000 1.000000
# Camera 48
800.000000 0.000000 320.000000 0.000000 800.000000 240.000000 0.000000 0.000000 1.000000
# Camera 49
800.000000 0.000000 320.000000 0.000000 800.000000 240.000000 0.000000 0.000000 1.000000
# Camera 50
800.000000 0.000000 320.000000 0.000000 800.000000 240.000000 0.000000 0.000000 1.000000
# Camera 51
800.000000 0.000000 320.000000 0.000000 800.000000 240.000000 0.000000 0.000000 1.000000
# Camera 52
800.000000 0.000000 320.000000 0.000000 800.000000 240.000000 0.000000 0.000000 1.000000
# Camera 53
800.000000 0.000000 320.000000 0.000000 800.000000 240.000000 0.000000 0.000000 1.000000
# Camera 54
800.000000 0.000000 320.000000 0.000000 800.000000 240.000000 0.000000 0.000000 1.000000
# Camera 55
800.000000 0.000000 320.000000 0.000000 800.000000 240.000000 0.000000 0.000000 1.000000
# Camera 56
800.000000 0.000000 320.000000 0.000000 800.000000 240.000000 0.000000 0.000000 1.000000
# Camera 57
800.000000 0.000000 320.000000 0.000000 800.000000 240.000000 0.000000 0.000000 1.000000
# Camera 58
800.000000 0.000000 320.000000 0.000000 800.000000 240.000000 0.000000 0.000000 1.000000
# Camera 59
800.000000 0.000000 320.000000 0.000000 800.000000 240.000000 0.000000 0.000000 1.000000
# Camera 60
800.000000 0.000000 320.000000 0.000000 800.000000 240.000000 0.000000 0.000000 1.000000
# Camera 61
800.000000 0.000000 320.000000 0.000000 800.000000 240.000000 0.000000 0.000000 1.000000
# Camera 62
800.000000 0.000000 320.000000 0.000000 800.000000 240.000000 0.000000 0.000000 1.000000
# Camera 63
800.000000 0.000000 320.000000 0.000000 800.000000 240.000000 0.000000 0.000000 1.000000
# Camera 64
800.000000 0.000000 320.000000 0.000000 800.000000 240.000000 0.000000 0.000000 1.000000
# Camera 65
800.000000 0.000000 320.000000 0.000000 800.000000 240.000000 0.000000 0.000000 1.000000
# Camera 66
800.000000 0.000000 320.000000 0.000000 800.000000 240.000000 0.000000 0.000000 1.000000
# Camera 67
800.000000 0.000000 320.000000 0.000000 800.000000 240.000000 0.000000 0.000000 1.000000
# Camera 68
800.000000 0.000000 320.000000 0.000000 800.000000 240.000000 0.000000 0.000000 1.000000
# Camera 69
800.000000 0.000000 320.000000 0.000000 800.000000 240.000000 0.000000 0.000000 1.000000
# Camera 70
800.000000 0.000000 320.000000 0.000000 800.000000 240.000000 0.000000 0.000000 1.000000
# Camera 71
800.000000 0.000000 320.000000 0.000000 800.000000 240.000000 0.000000 0.000000 1.000000
# Camera 72
800.000000 0.000000 320.000000 0.000000 800.000000 240.000000 0.000000 0.000000 1.000000
# Camera 73
800.000000 0.000000 320.000000 0.000000 800.000000 240.000000 0.000000 0.000000 1.000000
# Camera 74
800.000000 0.000000 320.000000 0.000000 800.000000 240.000000 0.000000 0.000000 1.000000
# Camera 75
800.000000 0.000000 320.000000 0.000000 800.000000 240.000000 0.000000 0.000000 1.000000
# Camera 76
800.000000 0.000000 320.000000 0.000000 800.000000 240.000000 0.000000 0.000000 1.000000
# Camera 77
800.000000 0.000000 320.000000 0.000000 800.000000 240.000000 0.000000 0.000000 1.000000
# Camera 78
800.000000 0.000000 320.000000 0.000000 800.000000 240.000000 0.000000 0.000000 1.000000
# Camera 79
800.000000 0.000000 320.000000 0.000000 800.000000 240.000000 0.000000 0.000000 1.000000
# Camera 80
800.000000 0.000000 320.000000 0.000000 800.000000 240.000000 0.000000 0.000000 1.000000
# Camera 81
800.000000 0.000000 320.000000 0.000000 800.000000 240.000000 0.000000 0.000000 1.000000
# Camera 82
800.000000 0.000000 320.000000 0.000000 800.000000 240.000000 0.000000 0.000000 1.000000
# Camera 83
800.000000 0.000000 320.000000 0.000000 800.000000 240.000000 0.000000 0.000000 1.000000
# Camera 84
800.000000 0.000000 320.000000 0.000000 800.000000 240.000000 0.000000 0.000000 1.000000
# Camera 85
800.000000 0.000000 320.000000 0.000000 800.000000 240.000000 0.000000 0.000000 1.000000
# Camera 86
800.000000 0.000000 320.000000 0.000000 800.000000 240.000000 0.000000 0.000000 1.000000
# Camera 87
800.000000 0.000000 320.000000 0.000000 800.000000 240.000000 0.000000 0.000000 1.000000
# Camera 88
800.000000 0.000000 320.000000 0.000000 800.000000 240.000000 0.000000 0.000000 1.000000
# Camera 89
800.000000 0.000000 320.000000 0.000000 800.000000 240.000000 0.000000 0.000000 1.000000
# Camera 90
800.000000 0.000000 320.000000 0.000000 800.000000 240.000000 0.000000 0.000000 1.000000
# Camera 91
800.000000 0.000000 320.000000 0.000000 800.000000 240.000000 0.000000 0.000000 1.000000
# Camera 92
800.000000 0.000000 320.000000 0.000000 800.000000 240.000000 0.000000 0.000000 1.000000
# Camera 93
800.000000 0.000000 320.000000 0.000000 800.000000 240.000000 0.000000 0.000000 1.000000
# Camera 94
800.000000 0.000000 320.000000 0.000000 800.000000 240.000000 0.000000 0.000000 1.000000
# Camera 95
800.000000 0.000000 320.000000 0.000000 800.000000 240.000000 0.000000 0.000000 1.000000
# Camera 96
800.000000 0.000000 320.000000 0.000000 800.000000 240.000000 0.000000 0.000000 1.000000
# Camera 97
800.000000 0.000000 320.000000 0.000000 800.000000 240.000000 0.000000 0.000000 1.000000
# Camera 98
800.000000 0.000000 320.000000 0.000000 800.000000 240.000000 0.000000 0.000000 1.000000
# Camera 99
800.000000 0.000000 320.000000 0.000000 800.000000 240.000000 0.000000 0.000000 1.000000
# Camera 100
800.000000 0.000000 320.000000 0.000000 800.000000 240.000000 0.000000 0.000000 1.000000
# Camera 101
800.000000 0.000000 320.000000 0.000000 800.000000 240.000000 0.000000 0.000000 1.000000
# Camera 102
800.000000 0.000000 320.000000 0.000000 800.000000 240.000000 0.000000 0.000000 1.000000
# Camera 103
800.000000 0.000000 320.000000 0.000000 800.000000 240.000000 0.000000 0.000000 1.000000
# Camera 104
800.000000 0.000000 320.000000 0.000000 800.000000 240.000000 0.000000 0.000000 1.000000
# Camera 105
800.000000 0.000000 320.000000 0.000000 800.000000 240.000000 0.000000 0.000000 1.000000
# Camera 106
800.000000 0.000000 320.000000 0.000000 800.000000 240.000000 0.000000 0.000000 1.000000
# Camera 107
800.000000 0.000000 320.000000 0.000000 800.000000 240.000000 0.000000 0.000000 1.000000
# Camera 108
800.000000 0.000000 320.000000 0.000000 800.000000 240.000000 0.000000 0.000000 1.000000
# Camera 109
800.000000 0.000000 320.000000 0.000000 800.000000 240.000000 0.000000 0.000000 1.000000
# Camera 110
800.000000 0.000000 320.000000 0.000000 800.000000 240.000000 0.000000 0.000000 1.000000
# Camera 111
800.000000 0.000000 320.000000 0.000000 800.000000 240.000000 0.000000 0.000000 1.000000
# Camera 112
800.000000 0.000000 320.000000 0.000000 800.000000 240.000000 0.000000 0.000000 1.000000
# Camera 113
800.000000 0.000000 320.000000 0.000000 800.000000 240.000000 0.000000 0.000000 1.000000
# Camera 114
800.000000 0.000000 320.000000 0.000000 800.000000 240.000000 0.000000 0.000000 1.000000
# Camera 115
800.000000 0.000000 320.000000 0.000000 800.000000 240.000000 0.000000 0.000000 1.000000
# Camera 116
800.000000 0.000000 320.000000 0.000000 800.000000 240.000000 0.000000 0.000000 1.000000
# Camera 117
800.000000 0.000000 320.000000 0.000000 800.000000 240.000000 0.000000 0.000000 1.000000
# Camera 118
800.000000 0.000000 320.000000 0.000000 800.000000 240.000000 0.000000 0.000000 1.000000
# Camera 119
800.000000 0.000000 320.000000 0.000000 800.000000 240.000000 0.000000 0.000000 1.000000
# Camera 120
800.000000 0.000000 320.000000 0.000000 800.000000 240.000000 0.000000 0.000000 1.000000
# Camera 121
800.000000 0.000000 320.000000 0.000000 800.000000 240.000000 0.000000 0.000000 1.000000
# Camera 122
800.000000 0.000000 320.000000 0.000000 800.000000 240.000000 0.000000 0.000000 1.000000
# Camera 123
800.000000 0.000000 320.000000 0.000000 800.000000 240.000000 0.000000 0.000000 1.000000
# Camera 124
800.000000 0.000000 320.000000 0.000000 800.000000 240.000000 0.000000 0.000000 1.000000
# Camera 125
800.000000 0.000000 320.000000 0.000000 800.000000 240.000000 0.000000 0.000000 1.000000
# Camera 126
800.000000 0.000000 320.000000 0.000000 800.000000 240.000000 0.000000 0.000000 1.000000
# Camera 127
800.000000 0.000000 320.000000 0.000000 800.000000 240.000000 0.000000 0.000000 1.000000
# Camera 128
800.000000 0.000000 320.000000 0.000000 800.000000 240.000000 0.000000 0.000000 1.000000
# Camera 129
800.000000 0.000000 320.000000 0.000000 800.000000 240.000000 0.000000 0.000000 1.000000
# Camera 130
800.000000 0.000000 320.000000 0.000000 800.000000 240.000000 0.000000 0.000000 1.000000
# Camera 131
800.000000 0.000000 320.000000 0.000000 800.000000 240.000000 0.000000 0.000000 1.000000
# Camera 132
800.000000 0.000000 320.000000 0.000000 800.000000 240.000000 0.000000 0.000000 1.000000
# Camera 133
800.000000 0.000000 320.000000 0.000000 800.000000 240.000000 0.000000 0.000000 1.000000
# Camera 134
800.000000 0.000000 320.000000 0.000000 800.000000 240.000000 0.000000 0.000000 1.000000
# Camera 135
800.000000 0.000000 320.000000 0.000000 800.000000 240.000000 0.000000 0.000000 1.000000
# Camera 136
800.000000 0.000000 320.000000 0.000000 800.000000 240.000000 0.000000 0.000000 1.000000
# Camera 137
800.000000 0.000000 320.000000 0.000000 800.000000 240.000000 0.000000 0.000000 1.000000
# Camera 138
800.000000 0.000000 320.000000 0.000000 800.000000 240.000000 0.000000 0.000000 1.000000
# Camera 139
800.000000 0.000000 320.000000 0.000000 800.000000 240.000000 0.000000 0.000000 1.000000
# Camera 140
800.000000 0.000000 320.000000 0.000000 800.000000 240.000000 0.000000 0.000000 1.000000
# Camera 141
800.000000 0.000000 320.000000 0.000000 800.000000 240.000000 0.000000 0.000000 1.000000
# Camera 142
800.000000 0.000000 320.000000 0.000000 800.000000 240.000000 0.000000 0.000000 1.000000
# Camera 143
800.000000 0.000000 320.000000 0.000000 800.000000 240.000000 0.000000 0.000000 1.000000
# Camera 144
800.000000 0.000000 320.000000 0.000000 800.000000 240.000000 0.000000 0.000000 1.000000
# Camera 145
800.000000 0.000000 320.000000 0.000000 800.000000 240.000000 0.000000 0.000000 1.000000
# Camera 146
800.000000 0.000000 320.000000 0.000000 800.000000 240.000000 0.000000 0.000000 1.000000
# Camera 147
800.000000 0.000000 320.000000 0.000000 800.000000 240.000000 0.000000 0.000000 1.000000
# Camera 148
800.000000 0.000000 320.000000 0.000000 800.000000 240.000000 0.000000 0.000000 1.000000
# Camera 149
800.000000 0.000000 320.000000 0.000000 800.000000 240.000000 0.000000 0.000000 1.000000
# Camera 150
800.000000 0.000000 320.000000 0.000000 800.000000 240.000000 0.000000 0.000000 1.000000
# Camera 151
800.000000 0.000000 320.000000 0.000000 800.000000 240.000000 0.000000 0.000000 1.000000
# Camera 152
800.000000 0.000000 320.000000 0.000000 800.000000 240.000000 0.000000 0.000000 1.000000
# Camera 153
800.000000 0.000000 320.000000 0.000000 800.000000 240.000000 0.000000 0.000000 1.000000
# Camera 154
800.000000 0.000000 320.000000 0.000000 800.000000 240.000000 0.000000 0.000000 1.000000
# Camera 155
800.000000 0.000000 320.000000 0.000000 800.000000 240.000000 0.000000 0.000000 1.000000
# Camera 156
800.000000 0.000000 320.000000 0.000000 800.000000 240.000000 0.000000 0.000000 1.000000
# Camera 157
800.000000 0.000000 320.000000 0.000000 800.000000 240.000000 0.000000 0.000000 1.000000
# Camera 158
800.000000 0.000000 320.000000 0.000000 800.000000 240.000000 0.000000 0.000000 1.000000
# Camera 159
800.000000 0.000000 320.000000 0.000000 800.000000 240.000000 0.000000 0.000000 1.000000
# Camera 160
800.000000 0.000000 320.000000 0.000000 800.000000 240.000000 0.000000 0.000000 1.000000
# Camera 161
800.000000 0.000000 320.000000 0.000000 800.000000 240.000000 0.000000 0.000000 1.000000
# Camera 162
800.000000 0.000000 320.000000 0.000000 800.000000 240.000000 0.000000 0.000000 1.000000
# Camera 163
800.000000 0.000000 320.000000 0.000000 800.000000 240.000000 0.000000 0.000000 1.000000
# Camera 164
800.000000 0.000000 320.000000 0.000000 800.000000 240.000000 0.000000 0.000000 1.000000
# Camera 165
800.000000 0.000000 320.000000 0.000000 800.000000 240.000000 0.000000 0.000000 1.000000
# Camera 166
800.000000 0.000000 320.000000 0.000000 800.000000 240.000000 0.000000 0.000000 1.000000
# Camera 167
800.000000 0.000000 320.000000 0.000000 800.000000 240.000000 0.000000 0.000000 1.000000
# Camera 168
800.000000 0.000000 320.000000 0.000000 800.000000 240.000000 0.000000 0.000000 1.000000
# Camera 169
800.000000 0.000000 320.000000 0.000000 800.000000 240.000000 0.000000 0.000000 1.000000
# Camera 170
800.000000 0.000000 320.000000 0.000000 800.000000 240.000000 0.000000 0.000000 1.000000
# Camera 171
800.000000 0.000000 320.000000 0.000000 800.000000 240.000000 0.000000 0.000000 1.000000
# Camera 172
800.000000 0.000000 320.000000 0.000000 800.000000 240.000000 0.000000 0.000000 1.000000
# Camera 173
800.000000 0.000000 320.000000 0.000000 800.000000 240.000000 0.000000 0.000000 1.000000
# Camera 174
800.000000 0.000000 320.000000 0.000000 800.000000 240.000000 0.000000 0.000000 1.000000
# Camera 175
800.000000 0.000000 320.000000 0.000000 800.000000 240.000000 0.000000 0.000000 1.000000
# Camera 176
800.000000 0.000000 320.000000 0.000000 800.000000 240.000000 0.000000 0.000000 1.000000
# Camera 177
800.000000 0.000000 320.000000 0.000000 800.000000 240.000000 0.000000 0.000000 1.000000
# Camera 178
800.000000 0.000000 320.000000 0.000000 800.000000 240.000000 0.000000 0.000000 1.000000
# Camera 179
800.000000 0.000000 320.000000 0.000000 800.000000 240.000000 0.000000 0.000000 1.000000
# Camera 180
800.000000 0.000000 320.000000 0.000000 800.000000 240.000000 0.000000 0.000000 1.000000
# Camera 181
800.000000 0.000000 320.000000 0.000000 800.000000 240.000000 0.000000 0.000000 1.000000
# Camera 182
800.000000 0.000000 320.000000 0.000000 800.000000 240.000000 0.000000 0.000000 1.000000
# Camera 183
800.000000 0.000000 320.000000 0.000000 800.000000 240.000000 0.000000 0.000000 1.000000
# Camera 184
800.000000 0.000000 320.000000 0.000000 800.000000 240.000000 0.000000 0.000000 1.000000
# Camera 185
800.000000 0.000000 320.000000 0.000000 800.000000 240.000000 0.000000 0.000000 1.000000
# Camera 186
800.000000 0.000000 320.000000 0.000000 800.000000 240.000000 0.000000 0.000000 1.000000
# Camera 187
800.000000 0.000000 320.000000 0.000000 800.000000 240.000000 0.000000 0.000000 1.000000
# Camera 188
800.000000 0.000000 320.000000 0.000000 800.000000 240.000000 0.000000 0.000000 1.000000
# Camera 189
800.000000 0.000000 320.000000 0.000000 800.000000 240.000000 0.000000 0.000000 1.000000
# Camera 190
800.000000 0.000000 320.000000 0.000000 800.000000 240.000000 0.000000 0.000000 1.000000
# Camera 191
800.000000 0.000000 320.000000 0.000000 800.000000 240.000000 0.000000 0.000000 1.000000
# Camera 192
800.000000 0.000000 320.000000 0.000000 800.000000 240.000000 0.000000 0.000000 1.000000
# Camera 193
800.000000 0.000000 320.000000 0.000000 800.000000 240.000000 0.000000 0.000000 1.000000
# Camera 194
800.000000 0.000000 320.000000 0.000000 800.000000 240.000000 0.000000 0.000000 1.000000
# Camera 195
800.000000 0.000000 320.000000 0.000000 800.000000 240.000000 0.000000 0.000000 1.000000
# Camera 196
800.000000 0.000000 320.000000 0.000000 800.000000 240.000000 0.000000 0.000000 1.000000
# Camera 197
800.000000 0.000000 320.000000 0.000000 800.000000 240.000000 0.000000 0.000000 1.000000
# Camera 198
800.000000 0.000000 320.000000 0.000000 800.000000 240.000000 0.000000 0.000000 1.000000
# Camera 199
800.000000 0.000000 320.000000 0.000000 800.000000 240.000000 0.000000 0.000000 1.000000
# Camera 200
800.000000 0.000000 320.000000 0.000000 800.000000 240.000000 0.000000 0.000000 1.000000
# Camera 201
800.000000 0.000000 320.000000 0.000000 800.000000 240.000000 0.000000 0.000000 1.000000
# Camera 202
800.000000 0.000000 320.000000 0.000000 800.000000 240.000000 0.000000 0.000000 1.000000
# Camera 203
800.000000 0.000000 320.000000 0.000000 800.000000 240.000000 0.000000 0.000000 1.000000
# Camera 204
800.000000 0.000000 320.000000 0.000000 800.000000 240.000000 0.000000 0.000000 1.000000
# Camera 205
800.000000 0.000000 320.000000 0.000000 800.000000 240.000000 0.000000 0.000000 1.000000
# Camera 206
800.000000 0.000000 320.000000 0.000000 800.000000 240.000000 0.000000 0.000000 1.000000
# Camera 207
800.000000 0.000000 320.000000 0.000000 800.000000 240.000000 0.000000 0.000000 1.000000
# Camera 208
800.000000 0.000000 320.000000 0.000000 800.000000 240.000000 0.000000 0.000000 1.000000
# Camera 209
800.000000 0.000000 320.000000 0.000000 800.000000 240.000000 0.000000 0.000000 1.000000
# Camera 210
800.000000 0.000000 320.000000 0.000000 800.000000 240.000000 0.000000 0.000000 1.000000
# Camera 211
800.000000 0.000000 320.000000 0.000000 800.000000 240.000000 0.000000 0.000000 1.000000
# Camera 212
800.000000 0.000000 320.000000 0.000000 800.000000 240.000000 0.000000 0.000000 1.000000
# Camera 213
800.000000 0.000000 320.000000 0.000000 800.000000 240.000000 0.000000 0.000000 1.000000
# Camera 214
800.000000 0.000000 320.000000 0.000000 800.000000 240.000000 0.000000 0.000000 1.000000
# Camera 215
800.000000 0.000000 320.000000 0.000000 800.000000 240.000000 0.000000 0.000000 1.000000
# Camera 216
800.000000 0.000000 320.000000 0.000000 800.000000 240.000000 0.000000 0.000000 1.000000
# Camera 217
800.000000 0.000000 320.000000 0.000000 800.000000 240.000000 0.000000 0.000000 1.000000
# Camera 218
800.000000 0.000000 320.000000 0.000000 800.000000 240.000000 0.000000 0.000000 1.000000
# Camera 219
800.000000 0.000000 320.000000 0.000000 800.000000 240.000000 0.000000 0.000000 1.000000
# Camera 220
800.000000 0.000000 320.000000 0.000000 800.000000 240.000000 0.000000 0.000000 1.000000
# Camera 221
800.000000 0.000000 320.000000 0.000000 800.000000 240.000000 0.000000 0.000000 1.000000
# Camera 222
800.000000 0.000000 320.000000 0.000000 800.000000 240.000000 0.000000 0.000000 1.000000
# Camera 223
800.000000 0.000000 320.000000 0.000000 800.000000 240.000000 0.000000 0.000000 1.000000
# Camera 224
800.000000 0.000000 320.000000 0.000000 800.000000 240.000000 0.000000 0.000000 1.000000
# Camera 225
800.000000 0.000000 320.000000 0.000000 800.000000 240.000000 0.000000 0.000000 1.000000
# Camera 226
800.000000 0.000000 320.000000 0.000000 800.000000 240.000000 0.000000 0.000000 1.000000
# Camera 227
800.000000 0.000000 320.000000 0.000000 800.000000 240.000000 0.000000 0.000000 1.000000
# Camera 228
800.000000 0.000000 320.000000 0.000000 800.000000 240.000000 0.000000 0.000000 1.000000
# Camera 229
800.000000 0.000000 320.000000 0.000000 800.000000 240.000000 0.000000 0.000000 1.000000
# Camera 230
800.000000 0.000000 320.000000 0.000000 800.000000 240.000000 0.000000 0.000000 1.000000
# Camera 231
800.000000 0.000000 320.000000 0.000000 800.000000 240.000000 0.000000 0.000000 1.000000
# Camera 232
800.000000 0.000000 320.000000 0.000000 800.000000 240.000000 0.000000 0.000000 1.000000
# Camera 233
800.000000 0.000000 320.000000 0.000000 800.000000 240.000000 0.000000 0.000000 1.000000
# Camera 234
800.000000 0.000000 320.000000 0.000000 800.000000 240.000000 0.000000 0.000000 1.000000
# Camera 235
800.000000 0.000000 320.000000 0.000000 800.000000 240.000000 0.000000 0.000000 1.000000
# Camera 236
800.000000 0.000000 320.000000 0.000000 800.000000 240.000000 0.000000 0.000000 1.000000
# Camera 237
800.000000 0.000000 320.000000 0.000000 800.000000 240.000000 0.000000 0.000000 1.000000
# Camera 238
800.000000 0.000000 320.000000 0.000000 800.000000 240.000000 0.000000 0.000000 1.000000
# Camera 239
800.000000 0.000000 320.000000 0.000000 800.000000 240.000000 0.000000 0.000000 1.000000
# Camera 240
800.000000 0.000000 320.000000 0.000000 800.000000 240.000000 0.000000 0.000000 1.000000
# Camera 241
800.000000 0.000000 320.000000 0.000000 800.000000 240.000000 0.000000 0.000000 1.000000
# Camera 242
800.000000 0.000000 320.000000 0.000000 800.000000 240.000000 0.000000 0.000000 1.000000
# Camera 243
800.000000 0.000000 320.000000 0.000000 800.000000 240.000000 0.000000 0.000000 1.000000
# Camera 244
800.000000 0.000000 320.000000 0.000000 800.000000 240.000000 0.000000 0.000000 1.000000
# Camera 245
800.000000 0.000000 320.000000 0.000000 800.000000 240.000000 0.000000 0.000000 1.000000
# Camera 246
800.000000 0.000000 320.000000 0.000000 800.000000 240.000000 0.000000 0.000000 1.000000
# Camera 247
800.000000 0.000000 320.000000 0.000000 800.000000 240.000000 0.000000 0.000000 1.000000
# Camera 248
800.000000 0.000000 320.000000 0.000000 800.000000 240.000000 0.000000 0.000000 1.000000
# Camera 249
800.000000 0.000000 320.000000 0.000000 800.000000 240.000000 0.000000 0.000000 1.000000
# Camera 250
800.000000 0.000000 320.000000 0.000000 800.000000 240.000000 0.000000 0.000000 1.000000
# Camera 251
800.000000 0.000000 320.000000 0.000000 800.000000 240.000000 0.000000 0.000000 1.000000
# Camera 252
800.000000 0.000000 320.000000 0.000000 800.000000 240.000000 0.000000 0.000000 1.000000
# Camera 253
800.000000 0.000000 320.000000 0.000000 800.000000 240.000000 0.000000 0.000000 1.000000
# Camera 254
800.000000 0.000000 320.000000 0.000000 800.000000 240.000000 0.000000 0.000000 1.000000
# Camera 255
800.000000 0.000000 320.000000 0.000000 800.000000 240.000000 0.000000 0.000000 1.000000
# Camera 256
800.000000 0.000000 320.000000 0.000000 800.000000 240.000000 0.000000 0.000000 1.000000
# Camera 257
800.000000 0.000000 320.000000 0.000000 800.000000 240.000000 0.000000 0.000000 1.000000
# Camera 258
800.000000 0.000000 320.000000 0.000000 800.000000 240.000000 0.000000 0.000000 1.000000
# Camera 259
800.000000 0.000000 320.000000 0.000000 800.000000 240.000000 0.000000 0.000000 1.000000
# Camera 260
800.000000 0.000000 320.000000 0.000000 800.000000 240.000000 0.000000 0.000000 1.000000
# Camera 261
800.000000 0.000000 320.000000 0.000000 800.000000 240.000000 0.000000 0.000000 1.000000
# Camera 262
800.000000 0.000000 320.000000 0.000000 800.000000 240.000000 0.000000 0.000000 1.000000
# Camera 263
800.000000 0.000000 320.000000 0.000000 800.000000 240.000000 0.000000 0.000000 1.000000
# Camera 264
800.000000 0.000000 320.000000 0.000000 800.000000 240.000000 0.000000 0.000000 1.000000
# Camera 265
800.000000 0.000000 320.000000 0.000000 800.000000 240.000000 0.000000 0.000000 1.000000
# Camera 266
800.000000 0.000000 320.000000 0.000000 800.000000 240.000000 0.000000 0.000000 1.000000
# Camera 267
800.000000 0.000000 320.000000 0.000000 800.000000 240.000000 0.000000 0.000000 1.000000
# Camera 268
800.000000 0.000000 320.000000 0.000000 800.000000 240.000000 0.000000 0.000000 1.000000
# Camera 269
800.000000 0.000000 320.000000 0.000000 800.000000 240.000000 0.000000 0.000000 1.000000
# Camera 270
800.000000 0.000000 320.000000 0.000000 800.000000 240.000000 0.000000 0.000000 1.000000
# Camera 271
800.000000 0.000000 320.000000 0.000000 800.000000 240.000000 0.000000 0.000000 1.000000
# Camera 272
800.000000 0.000000 320.000000 0.000000 800.000000 240.000000 0.000000 0.000000 1.000000
# Camera 273
800.000000 0.000000 320.000000 0.000000 800.000000 240.000000 0.000000 0.000000 1.000000
# Camera 274
800.000000 0.000000 320.000000 0.000000 800.000000 240.000000 0.000000 0.000000 1.000000
# Camera 275
800.000000 0.000000 320.000000 0.000000 800.000000 240.000000 0.000000 0.000000 1.000000
# Camera 276
800.000000 0.000000 320.000000 0.000000 800.000000 240.000000 0.000000 0.000000 1.000000
# Camera 277
800.000000 0.000000 320.000000 0.000000 800.000000 240.000000 0.000000 0.000000 1.000000
# Camera 278
800.000000 0.000000 320.000000 0.000000 800.000000 240.000000 0.000000 0.000000 1.000000
# Camera 279
800.000000 0.000000 320.000000 0.000000 800.000000 240.000000 0.000000 0.000000 1.000000
# Camera 280
800.000000 0.000000 320.000000 0.000000 800.000000 240.000000 0.000000 0.000000 1.000000
# Camera 281
800.000000 0.000000 320.000000 0.000000 800.000000 240.000000 0.000000 0.000000 1.000000
# Camera 282
800.000000 0.000000 320.000000 0.000000 800.000000 240.000000 0.000000 0.000000 1.000000
# Camera 283
800.000000 0.000000 320.000000 0.000000 800.000000 240.000000 0.000000 0.000000 1.000000
# Camera 284
800.000000 0.000000 320.000000 0.000000 800.000000 240.000000 0.000000 0.000000 1.000000
# Camera 285
800.000000 0.000000 320.000000 0.000000 800.000000 240.000000 0.000000 0.000000 1.000000
# Camera 286
800.000000 0.000000 320.000000 0.000000 800.000000 240.000000 0.000000 0.000000 1.000000
# Camera 287
800.000000 0.000000 320.000000 0.000000 800.000000 240.000000 0.000000 0.000000 1.000000
# Camera 288
800.000000 0.000000 320.000000 0.000000 800.000000 240.000000 0.000000 0.000000 1.000000
# Camera 289
800.000000 0.000000 320.000000 0.000000 800.000000 240.000000 0.000000 0.000000 1.000000
# Camera 290
800.000000 0.000000 320.000000 0.000000 800.000000 240.000000 0.000000 0.000000 1.000000
# Camera 291
800.000000 0.000000 320.000000 0.000000 800.000000 240.000000 0.000000 0.000000 1.000000
# Camera 292
800.000000 0.000000 320.000000 0.000000 800.000000 240.000000 0.000000 0.000000 1.000000
# Camera 293
800.000000 0.000000 320.000000 0.000000 800.000000 240.000000 0.000000 0.000000 1.000000
# Camera 294
800.000000 0.000000 320.000000 0.000000 800.000000 240.000000 0.000000 0.000000 1.000000
# Camera 295
800.000000 0.000000 320.000000 0.000000 800.000000 240.000000 0.000000 0.000000 1.000000
# Camera 296
800.000000 0.000000 320.000000 0.000000 800.000000 240.000000 0.000000 0.000000 1.000000
# Camera 297
800.000000 0.000000 320.000000 0.000000 800.000000 240.000000 0.000000 0.000000 1.000000
# Camera 298
800.000000 0.000000 320.000000 0.000000 800.000000 240.000000 0.000000 0.000000 1.000000
# Camera 299
800.000000 0.000000 320.000000 0.000000 800.000000 240.000000 0.000000 0.000000 1.000000
# Camera 300
800.000000 0.000000 320.000000 0.000000 800.000000 240.000000 0.000000 0.000000 1.000000
# Camera 301
800.000000 0.000000 320.000000 0.000000 800.000000 240.000000 0.000000 0.000000 1.000000
# Camera 302
800.000000 0.000000 320.000000 0.000000 800.000000 240.000000 0.000000 0.000000 1.000000
# Camera 303
800.000000 0.000000 320.000000 0.000000 800.000000 240.000000 0.000000 0.000000 1.000000
# Camera 304
800.000000 0.000000 320.000000 0.000000 800.000000 240.000000 0.000000 0.000000 1.000000
# Camera 305
800.000000 0.000000 320.000000 0.000000 800.000000 240.000000 0.000000 0.000000 1.000000
# Camera 306
800.000000 0.000000 320.000000 0.000000 800.000000 240.000000 0.000000 0.000000 1.000000
# Camera 307
800.000000 0.000000 320.000000 0.000000 800.000000 240.000000 0.000000 0.000000 1.000000
# Camera 308
800.000000 0.000000 320.000000 0.000000 800.000000 240.000000 0.000000 0.000000 1.000000
# Camera 309
800.000000 0.000000 320.000000 0.000000 800.000000 240.000000 0.000000 0.000000 1.000000
# Camera 310
800.000000 0.000000 320.000000 0.000000 800.000000 240.000000 0.000000 0.000000 1.000000
# Camera 311
800.000000 0.000000 320.000000 0.000000 800.000000 240.000000 0.000000 0.000000 1.000000
# Camera 312
800.000000 0.000000 320.000000 0.000000 800.000000 240.000000 0.000000 0.000000 1.000000
# Camera 313
800.000000 0.000000 320.000000 0.000000 800.000000 240.000000 0.000000 0.000000 1.000000
# Camera 314
800.000000 0.000000 320.000000 0.000000 800.000000 240.000000 0.000000 0.000000 1.000000
# Camera 315
800.000000 0.000000 320.000000 0.000000 800.000000 240.000000 0.000000 0.000000 1.000000
# Camera 316
800.000000 0.000000 320.000000 0.000000 800.000000 240.000000 0.000000 0.000000 1.000000
# Camera 317
800.000000 0.000000 320.000000 0.000000 800.000000 240.000000 0.000000 0.000000 1.000000
# Camera 318
800.000000 0.000000 320.000000 0.000000 800.000000 240.000000 0.000000 0.000000 1.000000
# Camera 319
800.000000 0.000000 320.000000 0.000000 800.000000 240.000000 0.000000 0.000000 1.000000
# Camera 320
800.000000 0.000000 320.000000 0.000000 800.000000 240.000000 0.000000 0.000000 1.000000
# Camera 321
800.000000 0.000000 320.000000 0.000000 800.000000 240.000000 0.000000 0.000000 1.000000
# Camera 322
800.000000 0.000000 320.000000 0.000000 800.000000 240.000000 0.000000 0.000000 1.000000
# Camera 323
800.000000 0.000000 320.000000 0.000000 800.000000 240.000000 0.000000 0.000000 1.000000
# Camera 324
800.000000 0.000000 320.000000 0.000000 800.000000 240.000000 0.000000 0.000000 1.000000
# Camera 325
800.000000 0.000000 320.000000 0.000000 800.000000 240.000000 0.000000 0.000000 1.000000
# Camera 326
800.000000 0.000000 320.000000 0.000000 800.000000 240.000000 0.000000 0.000000 1.000000
# Camera 327
800.000000 0.000000 320.000000 0.000000 800.000000 240.000000 0.000000 0.000000 1.000000
# Camera 328
800.000000 0.000000 320.000000 0.000000 800.000000 240.000000 0.000000 0.000000 1.000000
# Camera 329
800.000000 0.000000 320.000000 0.000000 800.000000 240.000000 0.000000 0.000000 1.000000
# Camera 330
800.000000 0.000000 320.000000 0.000000 800.000000 240.000000 0.000000 0.000000 1.000000
# Camera 331
800.000000 0.000000 320.000000 0.000000 800.000000 240.000000 0.000000 0.000000 1.000000
# Camera 332
800.000000 0.000000 320.000000 0.000000 800.000000 240.000000 0.000000 0.000000 1.000000
# Camera 333
800.000000 0.000000 320.000000 0.000000 800.000000 240.000000 0.000000 0.000000 1.000000
# Camera 334
800.000000 0.000000 320.000000 0.000000 800.000000 240.000000 0.000000 0.000000 1.000000
# Camera 335
800.000000 0.000000 320.000000 0.000000 800.000000 240.000000 0.000000 0.000000 1.000000
# Camera 336
800.000000 0.000000 320.000000 0.000000 800.000000 240.000000 0.000000 0.000000 1.000000
# Camera 337
800.000000 0.000000 320.000000 0.000000 800.000000 240.000000 0.000000 0.000000 1.000000
# Camera 338
800.000000 0.000000 320.000000 0.000000 800.000000 240.000000 0.000000 0.000000 1.000000
# Camera 339
800.000000 0.000000 320.000000 0.000000 800.000000 240.000000 0.000000 0.000000 1.000000
# Camera 340
800.000000 0.000000 320.000000 0.000000 800.000000 240.000000 0.000000 0.000000 1.000000
# Camera 341
800.000000 0.000000 320.000000 0.000000 800.000000 240.000000 0.000000 0.000000 1.000000
# Camera 342
800.000000 0.000000 320.000000 0.000000 800.000000 240.000000 0.000000 0.000000 1.000000
# Camera 343
800.000000 0.000000 320.000000 0.000000 800.000000 240.000000 0.000000 0.000000 1.000000
# Camera 344
800.000000 0.000000 320.000000 0.000000 800.000000 240.000000 0.000000 0.000000 1.000000
# Camera 345
800.000000 0.000000 320.000000 0.000000 800.000000 240.000000 0.000000 0.000000 1.000000
# Camera 346
800.000000 0.000000 320.000000 0.000000 800.000000 240.000000 0.000000 0.000000 1.000000
# Camera 347
800.000000 0.000000 320.000000 0.000000 800.000000 240.000000 0.000000 0.000000 1.000000
# Camera 348
800.000000 0.000000 320.000000 0.000000 800.000000 240.000000 0.000000 0.000000 1.000000
# Camera 349
800.000000 0.000000 320.000000 0.000000 800.000000 240.000000 0.000000 0.000000 1.000000
# Camera 350
800.000000 0.000000 320.000000 0.000000 800.000000 240.000000 0.000000 0.000000 1.000000
# Camera 351
800.000000 0.000000 320.000000 0.000000 800.000000 240.000000 0.000000 0.000000 1.000000
# Camera 352
800.000000 0.000000 320.000000 0.000000 800.000000 240.000000 0.000000 0.000000 1.000000
# Camera 353
800.000000 0.000000 320.000000 0.000000 800.000000 240.000000 0.000000 0.000000 1.000000
# Camera 354
800.000000 0.000000 320.000000 0.000000 800.000000 240.000000 0.000000 0.000000 1.000000
# Camera 355
800.000000 0.000000 320.000000 0.000000 800.000000 240.000000 0.000000 0.000000 1.000000
# Camera 356
800.000000 0.000000 320.000000 0.000000 800.000000 240.000000 0.000000 0.000000 1.000000
# Camera 357
800.000000 0.000000 320.000000 0.000000 800.000000 240.000000 0.000000 0.000000 1.000000
# Camera 358
800.000000 0.000000 320.000000 0.000000 800.000000 240.000000 0.000000 0.000000 1.000000
# Camera 359
800.000000 0.000000 320.000000 0.000000 800.000000 240.000000 0.000000 0.000000 1.000000
# Camera 360
800.000000 0.000000 320.000000 0.000000 800.000000 240.000000 0.000000 0.000000 1.000000
# Camera 361
800.000000 0.000000 320.000000 0.000000 800.000000 240.000000 0.000000 0.000000 1.000000
# Camera 362
800.000000 0.000000 320.000000 0.000000 800.000000 240.000000 0.000000 0.000000 1.000000
# Camera 363
800.000000 0.000000 320.000000 0.000000 800.000000 240.000000 0.000000 0.000000 1.000000
# Camera 364
800.000000 0.000000 320.000000 0.000000 800.000000 240.000000 0.000000 0.000000 1.000000
# Camera 365
800.000000 0.000000 320.000000 0.000000 800.000000 240.000000 0.000000 0.000000 1.000000
# Camera 366
800.000000 0.000000 320.000000 0.000000 800.000000 240.000000 0.000000 0.000000 1.000000
# Camera 367
800.000000 0.000000 320.000000 0.000000 800.000000 240.000000 0.000000 0.000000 1.000000
# Camera 368
800.000000 0.000000 320.000000 0.000000 800.000000 240.000000 0.000000 0.000000 1.000000
# Camera 369
800.000000 0.000000 320.000000 0.000000 800.000000 240.000000 0.000000 0.000000 1.000000
# Camera 370
800.000000 0.000000 320.000000 0.000000 800.000000 240.000000 0.000000 0.000000 1.000000
# Camera 371
800.000000 0.000000 320.000000 0.000000 800.000000 240.000000 0.000000 0.000000 1.000000
# Camera 372
800.000000 0.000000 320.000000 0.000000 800.000000 240.000000 0.000000 0.000000 1.000000
# Camera 373
800.000000 0.000000 320.000000 0.000000 800.000000 240.000000 0.000000 0.000000 1.000000
# Camera 374
800.000000 0.000000 320.000000 0.000000 800.000000 240.000000 0.000000 0.000000 1.000000
# Camera 375
800.000000 0.000000 320.000000 0.000000 800.000000 240.000000 0.000000 0.000000 1.000000
# Camera 376
800.000000 0.000000 320.000000 0.000000 800.000000 240.000000 0.000000 0.000000 1.000000
# Camera 377
800.000000 0.000000 320.000000 0.000000 800.000000 240.000000 0.000000 0.000000 1.000000
# Camera 378
800.000000 0.000000 320.000000 0.000000 800.000000 240.000000 0.000000 0.000000 1.000000
# Camera 379
800.000000 0.000000 320.000000 0.000000 800.000000 240.000000 0.000000 0.000000 1.000000
# Camera 380
800.000000 0.000000 320.000000 0.000000 800.000000 240.000000 0.000000 0.000000 1.000000
# Camera 381
800.000000 0.000000 320.000000 0.000000 800.000000 240.000000 0.000000 0.000000 1.000000
# Camera 382
800.000000 0.000000 320.000000 0.000000 800.000000 240.000000 0.000000 0.000000 1.000000
# Camera 383
800.000000 0.000000 320.000000 0.000000 800.000000 240.000000 0.000000 0.000000 1.000000
# Camera 384
800.000000 0.000000 320.000000 0.000000 800.000000 240.000000 0.000000 0.000000 1.000000
# Camera 385
800.000000 0.000000 320.000000 0.000000 800.000000 240.000000 0.000000 0.000000 1.000000
# Camera 386
800.000000 0.000000 320.000000 0.000000 800.000000 240.000000 0.000000 0.000000 1.000000
# Camera 387
800.000000 0.000000 320.000000 0.000000 800.000000 240.000000 0.000000 0.000000 1.000000
# Camera 388
800.000000 0.000000 320.000000 0.000000 800.000000 240.000000 0.000000 0.000000 1.000000
# Camera 389
800.000000 0.000000 320.000000 0.000000 800.000000 240.000000 0.000000 0.000000 1.000000
# Camera 390
800.000000 0.000000 320.000000 0.000000 800.000000 240.000000 0.000000 0.000000 1.000000
# Camera 391
800.000000 0.000000 320.000000 0.000000 800.000000 240.000000 0.000000 0.000000 1.000000
# Camera 392
800.000000 0.000000 320.000000 0.000000 800.000000 240.000000 0.000000 0.000000 1.000000
# Camera 393
800.000000 0.000000 320.000000 0.000000 800.000000 240.000000 0.000000 0.000000 1.000000
# Camera 394
800.000000 0.000000 320.000000 0.000000 800.000000 240.000000 0.000000 0.000000 1.000000
# Camera 395
800.000000 0.000000 320.000000 0.000000 800.000000 240.000000 0.000000 0.000000 1.000000
# Camera 396
800.000000 0.000000 320.000000 0.000000 800.000000 240.000000 0.000000 0.000000 1.000000
# Camera 397
800.000000 0.000000 320.000000 0.000000 800.000000 240.000000 0.000000 0.000000 1.000000
# Camera 398
800.000000 0.000000 320.000000 0.000000 800.000000 240.000000 0.000000 0.000000 1.000000
# Camera 399
800.000000 0.000000 320.000000 0.000000 800.000000 240.000000 0.000000 0.000000 1.000000
# Camera 400
800.000000 0.000000 320.000000 0.000000 800.000000 240.000000 0.000000 0.000000 1.000000
# Camera 401
800.000000 0.000000 320.000000 0.000000 800.000000 240.000000 0.000000 0.000000 1.000000
# Camera 402
800.000000 0.000000 320.000000 0.000000 800.000000 240.000000 0.000000 0.000000 1.000000
# Camera 403
800.000000 0.000000 320.000000 0.000000 800.000000 240.000000 0.000000 0.000000 1.000000
# Camera 404
800.000000 0.000000 320.000000 0.000000 800.000000 240.000000 0.000000 0.000000 1.000000
# Camera 405
800.000000 0.000000 320.000000 0.000000 800.000000 240.000000 0.000000 0.000000 1.000000
# Camera 406
800.000000 0.000000 320.000000 0.000000 800.000000 240.000000 0.000000 0.000000 1.000000
# Camera 407
800.000000 0.000000 320.000000 0.000000 800.000000 240.000000 0.000000 0.000000 1.000000
# Camera 408
800.000000 0.000000 320.000000 0.000000 800.000000 240.000000 0.000000 0.000000 1.000000
# Camera 409
800.000000 0.000000 320.000000 0.000000 800.000000 240.000000 0.000000 0.000000 1.000000
# Camera 410
800.000000 0.000000 320.000000 0.000000 800.000000 240.000000 0.000000 0.000000 1.000000
# Camera 411
800.000000 0.000000 320.000000 0.000000 800.000000 240.000000 0.000000 0.000000 1.000000
# Camera 412
800.000000 0.000000 320.000000 0.000000 800.000000 240.000000 0.000000 0.000000 1.000000
# Camera 413
800.000000 0.000000 320.000000 0.000000 800.000000 240.000000 0.000000 0.000000 1.000000
# Camera 414
800.000000 0.000000 320.000000 0.000000 800.000000 240.000000 0.000000 0.000000 1.000000
# Camera 415
800.000000 0.000000 320.000000 0.000000 800.000000 240.000000 0.000000 0.000000 1.000000
# Camera 416
800.000000 0.000000 320.000000 0.000000 800.000000 240.000000 0.000000 0.000000 1.000000
# Camera 417
800.000000 0.000000 320.000000 0.000000 800.000000 240.000000 0.000000 0.000000 1.000000
# Camera 418
800.000000 0.000000 320.000000 0.000000 800.000000 240.000000 0.000000 0.000000 1.000000
# Camera 419
800.000000 0.000000 320.000000 0.000000 800.000000 240.000000 0.000000 0.000000 1.000000
# Camera 420
800.000000 0.000000 320.000000 0.000000 800.000000 240.000000 0.000000 0.000000 1.000000
# Camera 421
800.000000 0.000000 320.000000 0.000000 800.000000 240.000000 0.000000 0.000000 1.000000
# Camera 422
800.000000 0.000000 320.000000 0.000000 800.000000 240.000000 0.000000 0.000000 1.000000
# Camera 423
800.000000 0.000000 320.000000 0.000000 800.000000 240.000000 0.000000 0.000000 1.000000
# Camera 424
800.000000 0.000000 320.000000 0.000000 800.000000 240.000000 0.000000 0.000000 1.000000
# Camera 425
800.000000 0.000000 320.000000 0.000000 800.000000 240.000000 0.000000 0.000000 1.000000
# Camera 426
800.000000 0.000000 320.000000 0.000000 800.000000 240.000000 0.000000 0.000000 1.000000
# Camera 427
800.000000 0.000000 320.000000 0.000000 800.000000 240.000000 0.000000 0.000000 1.000000
# Camera 428
800.000000 0.000000 320.000000 0.000000 800.000000 240.000000 0.000000 0.000000 1.000000
# Camera 429
800.000000 0.000000 320.000000 0.000000 800.000000 240.000000 0.000000 0.000000 1.000000
# Camera 430
800.000000 0.000000 320.000000 0.000000 800.000000 240.000000 0.000000 0.000000 1.000000
# Camera 431
800.000000 0.000000 320.000000 0.000000 800.000000 240.000000 0.000000 0.000000 1.000000
# Camera 432
800.000000 0.000000 320.000000 0.000000 800.000000 240.000000 0.000000 0.000000 1.000000
# Camera 433
800.000000 0.000000 320.000000 0.000000 800.000000 240.000000 0.000000 0.000000 1.000000
# Camera 434
800.000000 0.000000 320.000000 0.000000 800.000000 240.000000 0.000000 0.000000 1.000000
# Camera 435
800.000000 0.000000 320.000000 0.000000 800.000000 240.000000 0.000000 0.000000 1.000000
# Camera 436
800.000000 0.000000 320.000000 0.000000 800.000000 240.000000 0.000000 0.000000 1.000000
# Camera 437
800.000000 0.000000 320.000000 0.000000 800.000000 240.000000 0.000000 0.000000 1.000000
# Camera 438
800.000000 0.000000 320.000000 0.000000 800.000000 240.000000 0.000000 0.000000 1.000000
# Camera 439
800.000000 0.000000 320.000000 0.000000 800.000000 240.000000 0.000000 0.000000 1.000000
# Camera 440
800.000000 0.000000 320.000000 0.000000 800.000000 240.000000 0.000000 0.000000 1.000000
# Camera 441
800.000000 0.000000 320.000000 0.000000 800.000000 240.000000 0.000000 0.000000 1.000000
# Camera 442
800.000000 0.000000 320.000000 0.000000 800.000000 240.000000 0.000000 0.000000 1.000000
# Camera 443
800.000000 0.000000 320.000000 0.000000 800.000000 240.000000 0.000000 0.000000 1.000000
# Camera 444
800.000000 0.000000 320.000000 0.000000 800.000000 240.000000 0.000000 0.000000 1.000000
# Camera 445
800.000000 0.000000 320.000000 0.000000 800.000000 240.000000 0.000000 0.000000 1.000000
# Camera 446
800.000000 0.000000 320.000000 0.000000 800.000000 240.000000 0.000000 0.000000 1.000000
# Camera 447
800.000000 0.000000 320.000000 0.000000 800.000000 240.000000 0.000000 0.000000 1.000000
# Camera 448
800.000000 0.000000 320.000000 0.000000 800.000000 240.000000 0.000000 0.000000 1.000000
# Camera 449
800.000000 0.000000 320.000000 0.000000 800.000000 240.000000 0.000000 0.000000 1.000000
# Camera 450
800.000000 0.000000 320.000000 0.000000 800.000000 240.000000 0.000000 0.000000 1.000000
# Camera 451
800.000000 0.000000 320.000000 0.000000 800.000000 240.000000 0.000000 0.000000 1.000000
# Camera 452
800.000000 0.000000 320.000000 0.000000 800.000000 240.000000 0.000000 0.000000 1.000000
# Camera 453
800.000000 0.000000 320.000000 0.000000 800.000000 240.000000 0.000000 0.000000 1.000000
# Camera 454
800.000000 0.000000 320.000000 0.000000 800.000000 240.000000 0.000000 0.000000 1.000000
# Camera 455
800.000000 0.000000 320.000000 0.000000 800.000000 240.000000 0.000000 0.000000 1.000000
# Camera 456
800.000000 0.000000 320.000000 0.000000 800.000000 240.000000 0.000000 0.000000 1.000000
# Camera 457
800.000000 0.000000 320.000000 0.000000 800.000000 240.000000 0.000000 0.000000 1.000000
# Camera 458
800.000000 0.000000 320.000000 0.000000 800.000000 240.000000 0.000000 0.000000 1.000000
# Camera 459
800.000000 0.000000 320.000000 0.000000 800.000000 240.000000 0.000000 0.000000 1.000000
# Camera 460
800.000000 0.000000 320.000000 0.000000 800.000000 240.000000 0.000000 0.000000 1.000000
# Camera 461
800.000000 0.000000 320.000000 0.000000 800.000000 240.000000 0.000000 0.000000 1.000000
# Camera 462
800.000000 0.000000 320.000000 0.000000 800.000000 240.000000 0.000000 0.000000 1.000000
# Camera 463
800.000000 0.000000 320.000000 0.000000 800.000000 240.000000 0.000000 0.000000 1.000000
# Camera 464
800.000000 0.000000 320.000000 0.000000 800.000000 240.000000 0.000000 0.000000 1.000000
# Camera 465
800.000000 0.000000 320.000000 0.000000 800.000000 240.000000 0.000000 0.000000 1.000000
# Camera 466
800.000000 0.000000 320.000000 0.000000 800.000000 240.000000 0.000000 0.000000 1.000000
# Camera 467
800.000000 0.000000 320.000000 0.000000 800.000000 240.000000 0.000000 0.000000 1.000000
# Camera 468
800.000000 0.000000 320.000000 0.000000 800.000000 240.000000 0.000000 0.000000 1.000000
# Camera 469
800.000000 0.000000 320.000000 0.000000 800.000000 240.000000 0.000000 0.000000 1.000000
# Camera 470
800.000000 0.000000 320.000000 0.000000 800.000000 240.000000 0.000000 0.000000 1.000000
# Camera 471
800.000000 0.000000 320.000000 0.000000 800.000000 240.000000 0.000000 0.000000 1.000000
# Camera 472
800.000000 0.000000 320.000000 0.000000 800.000000 240.000000 0.000000 0.000000 1.000000
# Camera 473
800.000000 0.000000 320.000000 0.000000 800.000000 240.000000 0.000000 0.000000 1.000000
# Camera 474
800.000000 0.000000 320.000000 0.000000 800.000000 240.000000 0.000000 0.000000 1.000000
# Camera 475
800.000000 0.000000 320.000000 0.000000 800.000000 240.000000 0.000000 0.000000 1.000000
# Camera 476
800.000000 0.000000 320.000000 0.000000 800.000000 240.000000 0.000000 0.000000 1.000000
# Camera 477
800.000000 0.000000 320.000000 0.000000 800.000000 240.000000 0.000000 0.000000 1.000000
# Camera 478
800.000000 0.000000 320.000000 0.000000 800.000000 240.000000 0.000000 0.000000 1.000000
# Camera 479
800.000000 0.000000 320.000000 0.000000 800.000000 240.000000 0.000000 0.000000 1.000000
# Camera 480
800.000000 0.000000 320.000000 0.000000 800.000000 240.000000 0.000000 0.000000 1.000000
# Camera 481
800.000000 0.000000 320.000000 0.000000 800.000000 240.000000 0.000000 0.000000 1.000000
# Camera 482
800.000000 0.000000 320.000000 0.000000 800.000000 240.000000 0.000000 0.000000 1.000000
# Camera 483
800.000000 0.000000 320.000000 0.000000 800.000000 240.000000 0.000000 0.000000 1.000000
# Camera 484
800.000000 0.000000 320.000000 0.000000 800.000000 240.000000 0.000000 0.000000 1.000000
# Camera 485
800.000000 0.000000 320.000000 0.000000 800.000000 240.000000 0.000000 0.000000 1.000000
# Camera 486
800.000000 0.000000 320.000000 0.000000 800.000000 240.000000 0.000000 0.000000 1.000000
# Camera 487
800.000000 0.000000 320.000000 0.000000 800.000000 240.000000 0.000000 0.000000 1.000000
# Camera 488
800.000000 0.000000 320.000000 0.000000 800.000000 240.000000 0.000000 0.000000 1.000000
# Camera 489
800.000000 0.000000 320.000000 0.000000 800.000000 240.000000 0.000000 0.000000 1.000000
# Camera 490
800.000000 0.000000 320.000000 0.000000 800.000000 240.000000 0.000000 0.000000 1.000000
# Camera 491
800.000000 0.000000 320.000000 0.000000 800.000000 240.000000 0.000000 0.000000 1.000000
# Camera 492
800.000000 0.000000 320.000000 0.000000 800.000000 240.000000 0.000000 0.000000 1.000000
# Camera 493
800.000000 0.000000 320.000000 0.000000 800.000000 240.000000 0.000000 0.000000 1.000000
# Camera 494
800.000000 0.000000 320.000000 0.000000 800.000000 240.000000 0.000000 0.000000 1.000000
# Camera 495
800.000000 0.000000 320.000000 0.000000 800.000000 240.000000 0.000000 0.000000 1.000000
# Camera 496
800.000000 0.000000 320.000000 0.000000 800.000000 240.000000 0.000000 0.000000 1.000000
# Camera 497
800.000000 0.000000 320.000000 0.000000 800.000000 240.000000 0.000000 0.000000 1.000000
# Camera 498
800.000000 0.000000 320.000000 0.000000 800.000000 240.000000 0.000000 0.000000 1.000000
# Camera 499
800.000000 0.000000 320.000000 0.000000 800.000000 240.000000 0.000000 0.000000 1.000000
# Camera 500
800.000000 0.000000 320.000000 0.000000 800.000000 240.000000 0.000000 0.000000 1.000000
# Camera 501
800.000000 0.000000 320.000000 0.000000 800.000000 240.000000 0.000000 0.000000 1.000000
# Camera 502
800.000000 0.000000 320.000000 0.000000 800.000000 240.000000 0.000000 0.000000 1.000000
# Camera 503
800.000000 0.000000 320.000000 0.000000 800.000000 240.000000 0.000000 0.000000 1.000000
# Camera 504
800.000000 0.000000 320.000000 0.000000 800.000000 240.000000 0.000000 0.000000 1.000000
# Camera 505
800.000000 0.000000 320.000000 0.000000 800.000000 240.000000 0.000000 0.000000 1.000000
# Camera 506
800.000000 0.000000 320.000000 0.000000 800.000000 240.000000 0.000000 0.000000 1.000000
# Camera 507
800.000000 0.000000 320.000000 0.000000 800.000000 240.000000 0.000000 0.000000 1.000000
# Camera 508
800.000000 0.000000 320.000000 0.000000 800.000000 240.000000 0.000000 0.000000 1.000000
# Camera 509
800.000000 0.000000 320.000000 0.000000 800.000000 240.000000 0.000000 0.000000 1.000000
# Camera 510
800.000000 0.000000 320.000000 0.000000 800.000000 240.000000 0.000000 0.000000 1.000000
# Camera 511
800.000000 0.000000 320.000000 0.000000 800.000000 240.000000 0.000000 0.000000 1.000000
# Camera 512
800.000000 0.000000 320.000000 0.000000 800.000000 240.000000 0.000000 0.000000 1.000000
# Camera 513
800.000000 0.000000 320.000000 0.000000 800.000000 240.000000 0.000000 0.000000 1.000000
# Camera 514
800.000000 0.000000 320.000000 0.000000 800.000000 240.000000 0.000000 0.000000 1.000000
# Camera 515
800.000000 0.000000 320.000000 0.000000 800.000000 240.000000 0.000000 0.000000 1.000000
# Camera 516
800.000000 0.000000 320.000000 0.000000 800.000000 240.000000 0.000000 0.000000 1.000000
# Camera 517
800.000000 0.000000 320.000000 0.000000 800.000000 240.000000 0.000000 0.000000 1.000000
# Camera 518
800.000000 0.000000 320.000000 0.000000 800.000000 240.000000 0.000000 0.000000 1.000000
# Camera 519
800.000000 0.000000 320.000000 0.000000 800.000000 240.000000 0.000000 0.000000 1.000000
# Camera 520
800.000000 0.000000 320.000000 0.000000 800.000000 240.000000 0.000000 0.000000 1.000000
# Camera 521
800.000000 0.000000 320.000000 0.000000 800.000000 240.000000 0.000000 0.000000 1.000000
# Camera 522
800.000000 0.000000 320.000000 0.000000 800.000000 240.000000 0.000000 0.000000 1.000000
# Camera 523
800.000000 0.000000 320.000000 0.000000 800.000000 240.000000 0.000000 0.000000 1.000000
# Camera 524
800.000000 0.000000 320.000000 0.000000 800.000000 240.000000 0.000000 0.000000 1.000000
# Camera 525
800.000000 0.000000 320.000000 0.000000 800.000000 240.000000 0.000000 0.000000 1.000000
# Camera 526
800.000000 0.000000 320.000000 0.000000 800.000000 240.000000 0.000000 0.000000 1.000000
# Camera 527
800.000000 0.000000 320.000000 0.000000 800.000000 240.000000 0.000000 0.000000 1.000000
# Camera 528
800.000000 0.000000 320.000000 0.000000 800.000000 240.000000 0.000000 0.000000 1.000000
# Camera 529
800.000000 0.000000 320.000000 0.000000 800.000000 240.000000 0.000000 0.000000 1.000000
# Camera 530
800.000000 0.000000 320.000000 0.000000 800.000000 240.000000 0.000000 0.000000 1.000000
# Camera 531
800.000000 0.000000 320.000000 0.000000 800.000000 240.000000 0.000000 0.000000 1.000000
# Camera 532
800.000000 0.000000 320.000000 0.000000 800.000000 240.000000 0.000000 0.000000 1.000000
# Camera 533
800.000000 0.000000 320.000000 0.000000 800.000000 240.000000 0.000000 0.000000 1.000000
# Camera 534
800.000000 0.000000 320.000000 0.000000 800.000000 240.000000 0.000000 0.000000 1.000000
# Camera 535
800.000000 0.000000 320.000000 0.000000 800.000000 240.000000 0.000000 0.000000 1.000000
# Camera 536
800.000000 0.000000 320.000000 0.000000 800.000000 240.000000 0.000000 0.000000 1.000000
# Camera 537
800.000000 0.000000 320.000000 0.000000 800.000000 240.000000 0.000000 0.000000 1.000000
# Camera 538
800.000000 0.000000 320.000000 0.000000 800.000000 240.000000 0.000000 0.000000 1.000000
# Camera 539
800.000000 0.000000 320.000000 0.000000 800.000000 240.000000 0.000000 0.000000 1.000000
# Camera 540
800.000000 0.000000 320.000000 0.000000 800.000000 240.000000 0.000000 0.000000 1.000000
# Camera 541
800.000000 0.000000 320.000000 0.000000 800.000000 240.000000 0.000000 0.000000 1.000000
# Camera 542
800.000000 0.000000 320.000000 0.000000 800.000000 240.000000 0.000000 0.000000 1.000000
# Camera 543
800.000000 0.000000 320.000000 0.000000 800.000000 240.000000 0.000000 0.000000 1.000000
# Camera 544
800.000000 0.000000 320.000000 0.000000 800.000000 240.000000 0.000000 0.000000 1.000000
# Camera 545
800.000000 0.000000 320.000000 0.000000 800.000000 240.000000 0.000000 0.000000 1.000000
# Camera 546
800.000000 0.000000 320.000000 0.000000 800.000000 240.000000 0.000000 0.000000 1.000000
# Camera 547
800.000000 0.000000 320.000000 0.000000 800.000000 240.000000 0.000000 0.000000 1.000000
# Camera 548
800.000000 0.000000 320.000000 0.000000 800.000000 240.000000 0.000000 0.000000 1.000000
# Camera 549
800.000000 0.000000 320.000000 0.000000 800.000000 240.000000 0.000000 0.000000 1.000000
# Camera 550
800.000000 0.000000 320.000000 0.000000 800.000000 240.000000 0.000000 0.000000 1.000000
# Camera 551
800.000000 0.000000 320.000000 0.000000 800.000000 240.000000 0.000000 0.000000 1.000000
# Camera 552
800.000000 0.000000 320.000000 0.000000 800.000000 240.000000 0.000000 0.000000 1.000000
# Camera 553
800.000000 0.000000 320.000000 0.000000 800.000000 240.000000 0.000000 0.000000 1.000000
# Camera 554
800.000000 0.000000 320.000000 0.000000 800.000000 240.000000 0.000000 0.000000 1.000000
# Camera 555
800.000000 0.000000 320.000000 0.000000 800.000000 240.000000 0.000000 0.000000 1.000000
# Camera 556
800.000000 0.000000 320.000000 0.000000 800.000000 240.000000 0.000000 0.000000 1.000000
# Camera 557
800.000000 0.000000 320.000000 0.000000 800.000000 240.000000 0.000000 0.000000 1.000000
# Camera 558
800.000000 0.000000 320.000000 0.000000 800.000000 240.000000 0.000000 0.000000 1.000000
# Camera 559
800.000000 0.000000 320.000000 0.000000 800.000000 240.000000 0.000000 0.000000 1.000000
# Camera 560
800.000000 0.000000 320.000000 0.000000 800.000000 240.000000 0.000000 0.000000 1.000000
# Camera 561
800.000000 0.000000 320.000000 0.000000 800.000000 240.000000 0.000000 0.000000 1.000000
# Camera 562
800.000000 0.000000 320.000000 0.000000 800.000000 240.000000 0.000000 0.000000 1.000000
# Camera 563
800.000000 0.000000 320.000000 0.000000 800.000000 240.000000 0.000000 0.000000 1.000000
# Camera 564
800.000000 0.000000 320.000000 0.000000 800.000000 240.000000 0.000000 0.000000 1.000000
# Camera 565
800.000000 0.000000 320.000000 0.000000 800.000000 240.000000 0.000000 0.000000 1.000000
# Camera 566
800.000000 0.000000 320.000000 0.000000 800.000000 240.000000 0.000000 0.000000 1.000000
# Camera 567
800.000000 0.000000 320.000000 0.000000 800.000000 240.000000 0.000000 0.000000 1.000000
# Camera 568
800.000000 0.000000 320.000000 0.000000 800.000000 240.000000 0.000000 0.000000 1.000000
# Camera 569
800.000000 0.000000 320.000000 0.000000 800.000000 240.000000 0.000000 0.000000 1.000000
# Camera 570
800.000000 0.000000 320.000000 0.000000 800.000000 240.000000 0.000000 0.000000 1.000000
# Camera 571
800.000000 0.000000 320.000000 0.000000 800.000000 240.000000 0.000000 0.000000 1.000000
# Camera 572
800.000000 0.000000 320.000000 0.000000 800.000000 240.000000 0.000000 0.000000 1.000000
# Camera 573
800.000000 0.000000 320.000000 0.000000 800.000000 240.000000 0.000000 0.000000 1.000000
# Camera 574
800.000000 0.000000 320.000000 0.000000 800.000000 240.000000 0.000000 0.000000 1.000000
# Camera 575
800.000000 0.000000 320.000000 0.000000 800.000000 240.000000 0.000000 0.000000 1.000000
# Camera 576
800.000000 0.000000 320.000000 0.000000 800.000000 240.000000 0.000000 0.000000 1.000000
# Camera 577
800.000000 0.000000 320.000000 0.000000 800.000000 240.000000 0.000000 0.000000 1.000000
# Camera 578
800.000000 0.000000 320.000000 0.000000 800.000000 240.000000 0.000000 0.000000 1.000000
# Camera 579
800.000000 0.000000 320.000000 0.000000 800.000000 240.000000 0.000000 0.000000 1.000000
# Camera 580
800.000000 0.000000 320.000000 0.000000 800.000000 240.000000 0.000000 0.000000 1.000000
