0.098691 0.995118 0.000550 -0.000096 -0.190043 0.019390 -0.981584 0.000028 -0.976803 0.096769 0.191029 -0.000014 0.000000 0.000000 0.000000 1.000000
0.100590 0.994928 -0.000040 0.002942 -0.190420 0.019212 -0.981515 0.003119 -0.976536 0.098738 0.191387 0.015861 0.000000 0.000000 0.000000 1.000000
0.097014 0.995283 0.000075 -0.017706 -0.191457 0.018736 -0.981322 0.034776 -0.976695 0.095187 0.192372 0.177308 0.000000 0.000000 0.000000 1.000000
0.097213 0.995264 -0.000002 -0.012352 -0.191828 0.018735 -0.981250 0.033431 -0.976602 0.095390 0.192741 0.170022 0.000000 0.000000 0.000000 1.000000
0.097352 0.995250 -0.000083 -0.010069 -0.191954 0.018694 -0.981226 0.028915 -0.976564 0.095540 0.192862 0.146889 0.000000 0.000000 0.000000 1.000000
0.097835 0.995203 -0.000111 -0.008596 -0.192071 0.018773 -0.981201 0.025901 -0.976492 0.096017 0.192987 0.131465 0.000000 0.000000 0.000000 1.000000
0.094078 0.995565 0.000105 0.082220 -0.191130 0.018165 -0.981397 -0.091242 -0.977046 0.092308 0.191991 -0.467051 0.000000 0.000000 0.000000 1.000000
0.167000 0.985957 0.000048 0.692229 -0.185635 0.031491 -0.982114 -0.857831 -0.968324 0.164004 0.188287 -2.862736 0.000000 0.000000 0.000000 1.000000
0.199862 0.979824 0.000006 1.285668 -0.184787 0.037698 -0.982055 -1.486834 -0.962241 0.196275 0.188594 -6.133097 0.000000 0.000000 0.000000 1.000000
0.230292 0.973121 0.000005 1.715581 -0.178464 0.042239 -0.983040 -2.182961 -0.956617 0.226386 0.183394 -10.046975 0.000000 0.000000 0.000000 1.000000
0.235154 0.971958 0.000006 1.732746 -0.179188 0.043359 -0.982859 -2.915789 -0.955298 0.231122 0.184359 -13.899723 0.000000 0.000000 0.000000 1.000000
0.240545 0.970638 -0.000001 1.662474 -0.190034 0.047094 -0.980647 -3.899649 -0.951854 0.235890 0.195782 -17.982531 0.000000 0.000000 0.000000 1.000000
0.249365 0.968410 0.000008 1.698021 -0.181739 0.046806 -0.982232 -4.220589 -0.951203 0.244933 0.187670 -22.092039 0.000000 0.000000 0.000000 1.000000
0.245536 0.969387 0.000007 1.434418 -0.182716 0.046288 -0.982075 -5.269398 -0.952012 0.241134 0.188488 -27.456380 0.000000 0.000000 0.000000 1.000000
0.241490 0.970403 -0.000016 1.156172 -0.189064 0.047033 -0.980838 -6.404540 -0.951808 0.236865 0.194826 -32.244958 0.000000 0.000000 0.000000 1.000000
0.235402 0.971898 -0.000015 0.752984 -0.196864 0.047667 -0.979271 -7.535012 -0.951751 0.230525 0.202552 -36.431122 0.000000 0.000000 0.000000 1.000000
0.226788 0.973944 0.000005 0.010061 -0.197495 0.045992 -0.979224 -8.722480 -0.953710 0.222075 0.202780 -42.131572 0.000000 0.000000 0.000000 1.000000
0.224285 0.974524 -0.000002 -0.540081 -0.197623 0.045480 -0.979223 -9.978323 -0.954275 0.219626 0.202789 -48.179337 0.000000 0.000000 0.000000 1.000000
0.228177 0.973620 -0.000013 -0.780102 -0.212193 0.049717 -0.975962 -12.137670 -0.950216 0.222694 0.217940 -54.346636 0.000000 0.000000 0.000000 1.000000
0.235177 0.971953 -0.000009 -0.754587 -0.222984 0.053945 -0.973328 -14.166629 -0.946029 0.228906 0.229417 -60.102474 0.000000 0.000000 0.000000 1.000000
0.244934 0.969540 -0.000006 -0.520729 -0.229730 0.058030 -0.971523 -16.487094 -0.941930 0.237961 0.236946 -66.322791 0.000000 0.000000 0.000000 1.000000
0.235317 0.971919 -0.000004 -1.737923 -0.223763 0.054173 -0.973137 -18.335489 -0.945810 0.228997 0.230228 -73.543424 0.000000 0.000000 0.000000 1.000000
0.187922 0.982184 0.000005 -6.396932 -0.214974 0.041136 -0.975753 -19.443509 -0.958369 0.183365 0.218874 -81.134654 0.000000 0.000000 0.000000 1.000000
0.040813 0.999167 0.000011 -20.830938 -0.201368 0.008237 -0.979481 -19.883260 -0.978665 0.039974 0.201536 -87.603973 0.000000 0.000000 0.000000 1.000000
-0.152360 0.988325 0.000011 -40.510259 -0.194698 -0.030003 -0.980404 -20.170826 -0.968958 -0.149376 0.196996 -89.596077 0.000000 0.000000 0.000000 1.000000
-0.351980 0.936007 0.000071 -61.588120 -0.175207 -0.065811 -0.982330 -19.018750 -0.919463 -0.345773 0.187160 -86.817680 0.000000 0.000000 0.000000 1.000000
-0.522880 0.852406 -0.000022 -80.008678 -0.151019 -0.092663 -0.984178 -17.271448 -0.838922 -0.514604 0.177181 -80.478943 0.000000 0.000000 0.000000 1.000000
-0.673026 0.739619 0.000243 -96.809970 -0.116293 -0.105498 -0.987596 -14.407340 -0.730419 -0.664706 0.157015 -71.383449 0.000000 0.000000 0.000000 1.000000
-0.760617 0.649201 0.000282 -107.255095 -0.111917 -0.130697 -0.985085 -14.588244 -0.639482 -0.749304 0.172067 -65.862433 0.000000 0.000000 0.000000 1.000000
-0.773186 0.634179 0.000595 -109.465744 -0.105567 -0.127781 -0.986168 -15.299104 -0.625331 -0.762555 0.165747 -71.006277 0.000000 0.000000 0.000000 1.000000
-0.759824 0.650129 0.000089 -107.727782 -0.102780 -0.119987 -0.987441 -16.328752 -0.641953 -0.750290 0.157989 -80.926546 0.000000 0.000000 0.000000 1.000000
-0.776462 0.630165 0.000151 -110.180647 -0.094330 -0.115992 -0.988761 -16.225601 -0.623064 -0.767749 0.149507 -84.993784 0.000000 0.000000 0.000000 1.000000
-0.795462 0.606003 0.000642 -113.516622 -0.089447 -0.116364 -0.989171 -16.217833 -0.599366 -0.786905 0.146769 -88.662476 0.000000 0.000000 0.000000 1.000000
-0.832919 0.553394 0.000775 -120.039460 -0.078217 -0.116339 -0.990125 -15.739770 -0.547839 -0.824755 0.140186 -89.611965 0.000000 0.000000 0.000000 1.000000
-0.885525 0.464591 0.000497 -129.940998 -0.066253 -0.125222 -0.989914 -15.114972 -0.459843 -0.876627 0.141668 -86.413800 0.000000 0.000000 0.000000 1.000000
-0.922602 0.385754 0.000375 -138.224618 -0.050677 -0.120240 -0.991450 -13.791978 -0.382411 -0.914733 0.130483 -83.908862 0.000000 0.000000 0.000000 1.000000
-0.961386 0.275194 0.002419 -149.295765 -0.032236 -0.103878 -0.994068 -10.738499 -0.273310 -0.955760 0.108738 -76.418214 0.000000 0.000000 0.000000 1.000000
-0.983401 0.181438 0.001374 -157.310795 -0.023954 -0.122318 -0.992202 -11.115110 -0.179855 -0.975766 0.124634 -71.468826 0.000000 0.000000 0.000000 1.000000
-0.990723 0.135897 -0.000017 -161.083512 -0.021113 -0.154041 -0.987839 -13.077368 -0.134246 -0.978674 0.155481 -73.298113 0.000000 0.000000 0.000000 1.000000
-0.989383 0.145331 0.000270 -160.686516 -0.022035 -0.148175 -0.988716 -14.059263 -0.143651 -0.978224 0.149805 -82.677631 0.000000 0.000000 0.000000 1.000000
-0.989184 0.146677 0.000098 -160.701867 -0.022063 -0.148134 -0.988721 -15.099591 -0.145008 -0.978030 0.149767 -89.565724 0.000000 0.000000 0.000000 1.000000
-0.986910 0.161274 0.000651 -159.707577 -0.026242 -0.156605 -0.987313 -17.220664 -0.159126 -0.974405 0.158787 -97.608016 0.000000 0.000000 0.000000 1.000000
-0.991888 0.127113 0.000317 -163.741051 -0.021308 -0.163809 -0.986262 -18.085758 -0.125315 -0.978268 0.165189 -98.803651 0.000000 0.000000 0.000000 1.000000
-0.997907 0.064661 0.000026 -170.846771 -0.010767 -0.165765 -0.986107 -17.516892 -0.063759 -0.984043 0.166114 -94.839339 0.000000 0.000000 0.000000 1.000000
-0.997995 0.063296 -0.000020 -171.651802 -0.010940 -0.172799 -0.984896 -19.056560 -0.062343 -0.982921 0.173145 -99.596988 0.000000 0.000000 0.000000 1.000000
-0.997954 0.063936 0.000278 -172.129047 -0.011671 -0.177900 -0.983979 -20.122815 -0.062862 -0.981969 0.178282 -102.587198 0.000000 0.000000 0.000000 1.000000
-0.997508 0.070558 0.000070 -171.827906 -0.012677 -0.178244 -0.983905 -21.875299 -0.069410 -0.981453 0.178694 -110.244435 0.000000 0.000000 0.000000 1.000000
-0.996705 0.081114 0.000111 -171.489065 -0.014548 -0.177418 -0.984028 -23.609346 -0.079799 -0.980787 0.178014 -120.281819 0.000000 0.000000 0.000000 1.000000
-0.999269 0.038235 0.000002 -178.380277 -0.006996 -0.182790 -0.983127 -24.852223 -0.037589 -0.982408 0.182924 -121.887899 0.000000 0.000000 0.000000 1.000000
-0.999614 0.027770 0.000067 -181.311504 -0.005231 -0.185936 -0.982548 -27.216375 -0.027273 -0.982169 0.186009 -129.036017 0.000000 0.000000 0.000000 1.000000
-0.999076 0.042983 0.000024 -180.718355 -0.008142 -0.188712 -0.981999 -30.507482 -0.042205 -0.981091 0.188887 -142.474072 0.000000 0.000000 0.000000 1.000000
-0.998974 0.045298 0.000062 -181.898750 -0.008588 -0.188047 -0.982122 -33.232540 -0.044477 -0.981115 0.188243 -153.990299 0.000000 0.000000 0.000000 1.000000
-0.999066 0.043211 0.000063 -183.777254 -0.007888 -0.180947 -0.983461 -34.446187 -0.042485 -0.982543 0.181119 -165.228873 0.000000 0.000000 0.000000 1.000000
-0.999770 0.021441 -0.000001 -189.029187 -0.003686 -0.171903 -0.985107 -34.378942 -0.021122 -0.984881 0.171942 -172.200596 0.000000 0.000000 0.000000 1.000000
-0.998937 -0.046100 -0.000013 -202.877991 0.007292 -0.157718 -0.987457 -31.669333 0.045520 -0.986408 0.157887 -170.990981 0.000000 0.000000 0.000000 1.000000
-0.993186 -0.116537 -0.000112 -216.892108 0.017403 -0.147363 -0.988929 -29.752763 0.115231 -0.982193 0.148387 -167.476905 0.000000 0.000000 0.000000 1.000000
-0.983391 -0.181500 0.000458 -230.105226 0.025721 -0.141862 -0.989552 -28.154986 0.179668 -0.973105 0.144174 -163.543184 0.000000 0.000000 0.000000 1.000000
-0.970598 -0.240707 0.000108 -241.421092 0.034396 -0.139141 -0.989675 -27.443867 0.238236 -0.960573 0.143329 -159.825933 0.000000 0.000000 0.000000 1.000000
-0.962700 -0.270571 0.000604 -248.106618 0.036939 -0.133639 -0.990341 -26.489635 0.268038 -0.953379 0.138649 -160.690673 0.000000 0.000000 0.000000 1.000000
-0.960845 -0.277086 0.000475 -250.080684 0.037915 -0.133175 -0.990367 -27.138284 0.274480 -0.951571 0.138466 -167.734006 0.000000 0.000000 0.000000 1.000000
-0.963721 -0.266904 0.002154 -250.441800 0.032771 -0.126327 -0.991447 -26.758232 0.264893 -0.955408 0.130491 -176.793928 0.000000 0.000000 0.000000 1.000000
-0.959688 -0.281066 0.000261 -252.700578 0.035914 -0.123549 -0.991688 -27.118331 0.278762 -0.951703 0.128663 -183.016880 0.000000 0.000000 0.000000 1.000000
-0.961021 -0.276475 0.000224 -252.565647 0.033053 -0.115695 -0.992735 -26.462226 0.274492 -0.954031 0.120324 -193.133250 0.000000 0.000000 0.000000 1.000000
-0.960330 -0.278866 0.000184 -254.021332 0.031236 -0.108225 -0.993636 -25.654829 0.277111 -0.954212 0.112642 -202.013943 0.000000 0.000000 0.000000 1.000000
-0.955627 -0.294580 0.000154 -258.563486 0.031340 -0.102188 -0.994271 -25.054021 0.292909 -0.950147 0.106886 -207.525102 0.000000 0.000000 0.000000 1.000000
-0.957248 -0.289267 0.000055 -258.515164 0.030920 -0.102509 -0.994251 -25.804967 0.287610 -0.951744 0.107071 -219.732351 0.000000 0.000000 0.000000 1.000000
-0.966510 -0.256629 0.000418 -251.835186 0.026904 -0.102943 -0.994323 -27.295973 0.255215 -0.961012 0.106399 -238.106838 0.000000 0.000000 0.000000 1.000000
-0.978584 -0.205848 0.000064 -239.257372 0.021411 -0.102095 -0.994544 -29.213324 0.204732 -0.973244 0.104316 -261.013163 0.000000 0.000000 0.000000 1.000000
-0.990019 -0.140936 0.000069 -221.869802 0.014217 -0.100355 -0.994850 -30.390457 0.140218 -0.984919 0.101357 -286.139568 0.000000 0.000000 0.000000 1.000000
-0.996240 -0.086636 0.000328 -206.578868 0.008654 -0.103284 -0.994614 -32.985591 0.086203 -0.990872 0.103645 -307.829333 0.000000 0.000000 0.000000 1.000000
-0.999511 -0.031253 0.000968 -190.053624 0.002526 -0.111575 -0.993753 -37.416207 0.031166 -0.993264 0.111599 -328.763591 0.000000 0.000000 0.000000 1.000000
-0.998510 0.054570 0.000548 -161.166491 -0.007642 -0.129859 -0.991503 -46.772730 -0.054035 -0.990030 0.130082 -353.893514 0.000000 0.000000 0.000000 1.000000
-0.991306 0.131574 0.000269 -133.285491 -0.017763 -0.131801 -0.991117 -50.768292 -0.130370 -0.982505 0.132992 -375.397458 0.000000 0.000000 0.000000 1.000000
-0.982823 0.184552 0.000270 -113.473755 -0.025039 -0.131896 -0.990947 -53.782846 -0.182846 -0.973932 0.134252 -392.407998 0.000000 0.000000 0.000000 1.000000
-0.968959 0.247220 0.000478 -89.107094 -0.035030 -0.135382 -0.990174 -58.944493 -0.244726 -0.959455 0.139839 -409.748635 0.000000 0.000000 0.000000 1.000000
-0.940602 0.339510 -0.000004 -48.235043 -0.048625 -0.134726 -0.989689 -63.230622 -0.336010 -0.930904 0.143233 -428.116413 0.000000 0.000000 0.000000 1.000000
-0.927888 0.372860 0.000022 -33.636387 -0.050151 -0.124745 -0.990921 -61.120543 -0.369472 -0.919464 0.134449 -441.009585 0.000000 0.000000 0.000000 1.000000
-0.935518 0.353279 0.000148 -45.209522 -0.043957 -0.115986 -0.992278 -58.345089 -0.350534 -0.928300 0.124036 -454.200018 0.000000 0.000000 0.000000 1.000000
-0.926680 0.375852 0.000294 -36.181781 -0.046701 -0.114367 -0.992340 -60.375375 -0.372939 -0.919595 0.123534 -469.483466 0.000000 0.000000 0.000000 1.000000
-0.924516 0.381144 -0.000155 -35.231848 -0.049257 -0.119881 -0.991566 -66.217667 -0.377948 -0.916710 0.129606 -482.357790 0.000000 0.000000 0.000000 1.000000
-0.931304 0.364243 0.000007 -46.080299 -0.047138 -0.120505 -0.991593 -67.170548 -0.361179 -0.923475 0.129397 -495.884351 0.000000 0.000000 0.000000 1.000000
-0.932025 0.362395 -0.000023 -49.061564 -0.046213 -0.118916 -0.991828 -67.942798 -0.359436 -0.924407 0.127581 -509.111164 0.000000 0.000000 0.000000 1.000000
-0.926828 0.375485 -0.000032 -43.973287 -0.049403 -0.122027 -0.991297 -72.590483 -0.372221 -0.918760 0.131648 -523.017015 0.000000 0.000000 0.000000 1.000000
-0.921845 0.387559 0.000025 -38.812740 -0.055051 -0.130882 -0.989868 -80.140904 -0.383629 -0.912507 0.141988 -536.569650 0.000000 0.000000 0.000000 1.000000
-0.916685 0.399610 0.000167 -33.261401 -0.054075 -0.123631 -0.990854 -78.598998 -0.395935 -0.908310 0.134940 -551.448907 0.000000 0.000000 0.000000 1.000000
-0.917252 0.398307 -0.000059 -35.244335 -0.053110 -0.122452 -0.991052 -79.401316 -0.394751 -0.909042 0.133474 -564.059962 0.000000 0.000000 0.000000 1.000000
-0.921956 0.387295 0.000265 -44.448652 -0.045323 -0.107210 -0.993203 -71.335539 -0.384634 -0.915701 0.116397 -578.179509 0.000000 0.000000 0.000000 1.000000
-0.924170 0.381981 0.000057 -49.124338 -0.038489 -0.092973 -0.994924 -63.443316 -0.380037 -0.919482 0.100625 -590.974855 0.000000 0.000000 0.000000 1.000000
-0.920239 0.391357 0.000147 -44.881188 -0.037077 -0.086809 -0.995535 -60.989511 -0.389597 -0.916135 0.094396 -603.568913 0.000000 0.000000 0.000000 1.000000
-0.918899 0.394492 0.000058 -43.788417 -0.034994 -0.081367 -0.996070 -57.868573 -0.392937 -0.915290 0.088573 -615.653800 0.000000 0.000000 0.000000 1.000000
-0.927321 0.374266 -0.000067 -58.793545 -0.033539 -0.083278 -0.995962 -59.525664 -0.372760 -0.923574 0.089778 -625.353750 0.000000 0.000000 0.000000 1.000000
-0.945603 0.325323 0.000291 -94.588763 -0.027409 -0.078778 -0.996515 -56.510489 -0.324166 -0.942316 0.083409 -631.850048 0.000000 0.000000 0.000000 1.000000
-0.975839 0.218492 0.000113 -167.350749 -0.017470 -0.077511 -0.996838 -52.747951 -0.217792 -0.972756 0.079455 -631.739486 0.000000 0.000000 0.000000 1.000000
-0.984496 0.175405 0.000032 -197.502086 -0.013959 -0.078164 -0.996843 -53.127395 -0.174849 -0.981389 0.079400 -636.147893 0.000000 0.000000 0.000000 1.000000
-0.991049 0.133491 0.001108 -229.095608 -0.011494 -0.077061 -0.996960 -52.329140 -0.133000 -0.988049 0.077906 -638.356508 0.000000 0.000000 0.000000 1.000000
-0.990067 0.140596 0.000656 -224.758088 -0.012341 -0.082251 -0.996535 -56.170061 -0.140055 -0.986645 0.083169 -652.363477 0.000000 0.000000 0.000000 1.000000
-0.982970 0.183757 0.001551 -199.569208 -0.017803 -0.086829 -0.996064 -61.622273 -0.182899 -0.979129 0.088622 -672.444369 0.000000 0.000000 0.000000 1.000000
-0.976093 0.217353 0.000618 -174.311101 -0.022665 -0.098955 -0.994834 -71.522068 -0.216169 -0.971064 0.101516 -689.325991 0.000000 0.000000 0.000000 1.000000
-0.890142 0.455683 0.000041 7.833161 -0.051893 -0.101280 -0.993504 -83.407044 -0.452718 -0.884362 0.113800 -717.814951 0.000000 0.000000 0.000000 1.000000
-0.661217 0.750195 -0.000334 275.842591 -0.079575 -0.070580 -0.994327 -72.734185 -0.745962 -0.657439 0.106366 -670.135031 0.000000 0.000000 0.000000 1.000000
-0.423531 0.905882 -0.000541 459.278719 -0.091659 -0.043448 -0.994842 -59.651382 -0.901233 -0.421297 0.101434 -568.148814 0.000000 0.000000 0.000000 1.000000
-0.131584 0.991305 -0.000247 612.647162 -0.110233 -0.014880 -0.993794 -46.722642 -0.985157 -0.130740 0.111232 -409.034959 0.000000 0.000000 0.000000 1.000000
0.001332 0.999999 0.000413 661.415837 -0.112209 0.000560 -0.993685 -38.223021 -0.993684 0.001277 0.112209 -334.068803 0.000000 0.000000 0.000000 1.000000
-0.051889 0.998653 -0.000093 643.076340 -0.116795 -0.006161 -0.993137 -44.487146 -0.991800 -0.051522 0.116957 -371.825611 0.000000 0.000000 0.000000 1.000000
-0.093255 0.995642 -0.000255 624.714272 -0.118831 -0.011385 -0.992849 -49.277380 -0.988526 -0.092558 0.119375 -405.241817 0.000000 0.000000 0.000000 1.000000
-0.122452 0.992474 -0.000211 609.763274 -0.110557 -0.013852 -0.993773 -48.489973 -0.986297 -0.121667 0.111422 -432.170199 0.000000 0.000000 0.000000 1.000000
-0.154049 0.988063 -0.000527 595.293167 -0.104310 -0.016794 -0.994403 -48.720676 -0.982542 -0.153132 0.105652 -457.359998 0.000000 0.000000 0.000000 1.000000
-0.222982 0.974822 -0.001182 559.872764 -0.095350 -0.023017 -0.995178 -50.005013 -0.970148 -0.221794 0.098081 -506.406371 0.000000 0.000000 0.000000 1.000000
-0.290924 0.956746 -0.000571 518.061556 -0.094971 -0.029473 -0.995044 -55.077995 -0.952021 -0.289428 0.099437 -555.943634 0.000000 0.000000 0.000000 1.000000
-0.386818 0.922156 -0.000484 454.995931 -0.087718 -0.037318 -0.995446 -58.568031 -0.917975 -0.385014 0.095325 -617.061307 0.000000 0.000000 0.000000 1.000000
-0.490440 0.871475 -0.000521 378.294076 -0.085719 -0.048835 -0.995122 -65.922818 -0.867249 -0.488003 0.098653 -675.166192 0.000000 0.000000 0.000000 1.000000
-0.583255 0.812289 -0.000104 295.245036 -0.080514 -0.057940 -0.995068 -70.731464 -0.808289 -0.580370 0.099195 -724.498123 0.000000 0.000000 0.000000 1.000000
-0.643227 0.765676 -0.000107 235.946521 -0.077091 -0.064903 -0.994909 -74.776822 -0.761785 -0.639944 0.100774 -755.737271 0.000000 0.000000 0.000000 1.000000
-0.699264 0.714864 -0.000255 175.812596 -0.072141 -0.070921 -0.994870 -77.575665 -0.711214 -0.695658 0.101164 -781.551863 0.000000 0.000000 0.000000 1.000000
-0.762490 0.647000 -0.000081 97.809185 -0.065638 -0.077478 -0.994831 -79.974603 -0.643662 -0.758544 0.101544 -805.856690 0.000000 0.000000 0.000000 1.000000
-0.810345 0.585953 -0.000015 31.451748 -0.062043 -0.085828 -0.994376 -84.867361 -0.582659 -0.805787 0.105905 -821.484215 0.000000 0.000000 0.000000 1.000000
-0.853161 0.521647 -0.000132 -34.975975 -0.056886 -0.093288 -0.994013 -88.562356 -0.518536 -0.848046 0.109264 -831.436752 0.000000 0.000000 0.000000 1.000000
-0.885695 0.464267 0.000093 -93.130245 -0.049336 -0.093920 -0.994357 -85.935196 -0.461638 -0.880702 0.106090 -836.869349 0.000000 0.000000 0.000000 1.000000
-0.917969 0.396652 0.000107 -158.617889 -0.048090 -0.111026 -0.992653 -98.463070 -0.393726 -0.911230 0.120994 -835.348334 0.000000 0.000000 0.000000 1.000000
-0.942226 0.334977 0.000330 -217.601198 -0.043161 -0.120427 -0.991783 -103.532622 -0.332185 -0.934499 0.127927 -831.562764 0.000000 0.000000 0.000000 1.000000
-0.952510 0.304509 0.000302 -247.687342 -0.032208 -0.099762 -0.994490 -84.183612 -0.302801 -0.947271 0.104832 -837.120203 0.000000 0.000000 0.000000 1.000000
-0.940781 0.339014 0.000117 -219.180591 -0.035344 -0.097739 -0.994584 -85.071211 -0.337166 -0.935691 0.103933 -856.237059 0.000000 0.000000 0.000000 1.000000
-0.916199 0.400723 0.000054 -164.147759 -0.046097 -0.105261 -0.993376 -97.084543 -0.398063 -0.910132 0.114912 -877.346020 0.000000 0.000000 0.000000 1.000000
-0.885191 0.465227 0.000064 -102.915409 -0.051509 -0.097870 -0.993865 -94.791427 -0.462367 -0.879764 0.110597 -896.919582 0.000000 0.000000 0.000000 1.000000
-0.850117 0.526595 0.000037 -41.830303 -0.059357 -0.095753 -0.993634 -98.343880 -0.523239 -0.844707 0.112658 -911.810369 0.000000 0.000000 0.000000 1.000000
-0.809054 0.587734 0.000053 22.854604 -0.069063 -0.094981 -0.993080 -103.573472 -0.583662 -0.803460 0.117436 -921.782849 0.000000 0.000000 0.000000 1.000000
-0.745329 0.666697 -0.000234 115.093974 -0.082046 -0.092070 -0.992367 -109.764631 -0.661629 -0.739620 0.123322 -924.526589 0.000000 0.000000 0.000000 1.000000
-0.699844 0.714296 -0.000642 175.311361 -0.084712 -0.083890 -0.992868 -106.300277 -0.709255 -0.694798 0.119219 -925.162617 0.000000 0.000000 0.000000 1.000000
-0.644446 0.764650 -0.000081 238.342148 -0.095138 -0.080287 -0.992221 -109.901479 -0.758708 -0.639425 0.124487 -920.628893 0.000000 0.000000 0.000000 1.000000
-0.573920 0.818911 -0.000603 318.923991 -0.102874 -0.072828 -0.992025 -108.910207 -0.812424 -0.569281 0.126042 -905.265865 0.000000 0.000000 0.000000 1.000000
-0.516430 0.856329 -0.000928 380.287889 -0.105515 -0.064708 -0.992310 -106.281489 -0.849804 -0.512361 0.123773 -890.378234 0.000000 0.000000 0.000000 1.000000
-0.468000 0.883728 -0.000225 421.130014 -0.099878 -0.053145 -0.993579 -94.259323 -0.878066 -0.464973 0.113137 -880.821706 0.000000 0.000000 0.000000 1.000000
-0.457672 0.889121 -0.000098 427.634465 -0.095309 -0.049170 -0.994233 -89.394301 -0.883998 -0.455023 0.107245 -885.156619 0.000000 0.000000 0.000000 1.000000
-0.447108 0.894480 -0.000101 434.672691 -0.100512 -0.050354 -0.993661 -94.479368 -0.888815 -0.444263 0.112420 -887.335014 0.000000 0.000000 0.000000 1.000000
-0.436325 0.899789 -0.000102 441.347441 -0.107843 -0.052408 -0.992786 -100.750446 -0.893303 -0.433167 0.119903 -888.910361 0.000000 0.000000 0.000000 1.000000
-0.433216 0.901290 -0.000139 440.302434 -0.114983 -0.055420 -0.991820 -108.029601 -0.893926 -0.429656 0.127642 -894.244812 0.000000 0.000000 0.000000 1.000000
-0.445608 0.895228 -0.000085 425.088662 -0.108815 -0.054258 -0.992580 -104.094671 -0.888591 -0.442292 0.121592 -906.467794 0.000000 0.000000 0.000000 1.000000
-0.455458 0.890257 -0.000037 413.319311 -0.113108 -0.057908 -0.991894 -110.118301 -0.883043 -0.451762 0.127069 -913.554477 0.000000 0.000000 0.000000 1.000000
-0.463633 0.886028 0.000200 402.670685 -0.119681 -0.062402 -0.990849 -118.470822 -0.877907 -0.459414 0.134972 -919.867292 0.000000 0.000000 0.000000 1.000000
-0.468665 0.883376 -0.000118 393.600459 -0.126290 -0.067134 -0.989719 -126.127501 -0.874302 -0.463832 0.143025 -927.852921 0.000000 0.000000 0.000000 1.000000
-0.468174 0.883636 -0.000235 390.755064 -0.125663 -0.066843 -0.989819 -125.975241 -0.874655 -0.463378 0.142334 -935.278669 0.000000 0.000000 0.000000 1.000000
-0.491854 0.870678 -0.000396 363.581046 -0.135067 -0.076751 -0.987859 -142.404619 -0.860138 -0.485829 0.155350 -950.124511 0.000000 0.000000 0.000000 1.000000
-0.561716 0.827330 -0.000428 277.640844 -0.126283 -0.086251 -0.988237 -145.801262 -0.817635 -0.555055 0.152927 -985.789568 0.000000 0.000000 0.000000 1.000000
-0.625636 0.780115 -0.000382 192.253960 -0.121961 -0.098294 -0.987656 -154.173894 -0.770523 -0.617866 0.156640 -1012.827194 0.000000 0.000000 0.000000 1.000000
-0.672496 0.740101 -0.000336 122.954233 -0.114165 -0.104185 -0.987984 -155.349955 -0.731242 -0.664377 0.154557 -1031.738279 0.000000 0.000000 0.000000 1.000000
-0.702921 0.711268 -0.000106 73.293828 -0.116178 -0.114961 -0.986553 -165.792026 -0.701716 -0.693457 0.163442 -1043.034734 0.000000 0.000000 0.000000 1.000000
-0.730248 0.683182 0.000038 26.527034 -0.113180 -0.120922 -0.986189 -169.389512 -0.673741 -0.720167 0.165626 -1053.849056 0.000000 0.000000 0.000000 1.000000
-0.755079 0.655634 -0.000009 -17.002451 -0.101181 -0.116541 -0.988018 -158.925795 -0.647780 -0.746031 0.154336 -1064.309789 0.000000 0.000000 0.000000 1.000000
-0.797600 0.603187 -0.000033 -94.543507 -0.093341 -0.123480 -0.987947 -160.621570 -0.595921 -0.787984 0.154789 -1069.706275 0.000000 0.000000 0.000000 1.000000
-0.837422 0.546556 -0.000082 -173.980070 -0.081114 -0.124430 -0.988907 -154.216021 -0.540504 -0.828126 0.148534 -1070.262323 0.000000 0.000000 0.000000 1.000000
-0.873077 0.487583 0.000039 -252.058791 -0.073371 -0.131302 -0.988623 -154.738731 -0.482030 -0.863147 0.150412 -1064.232418 0.000000 0.000000 0.000000 1.000000
-0.901504 0.432770 0.000028 -323.015416 -0.065098 -0.135542 -0.988631 -153.742445 -0.427846 -0.891257 0.150364 -1056.300697 0.000000 0.000000 0.000000 1.000000
-0.920902 0.389794 0.000541 -380.860052 -0.057091 -0.133506 -0.989402 -148.083305 -0.385591 -0.911173 0.145200 -1048.805225 0.000000 0.000000 0.000000 1.000000
-0.942027 0.335536 0.000477 -445.857410 -0.050401 -0.140096 -0.988854 -149.680985 -0.331729 -0.931552 0.148885 -1033.776937 0.000000 0.000000 0.000000 1.000000
-0.964607 0.263692 0.000284 -525.841710 -0.037189 -0.134974 -0.990151 -136.194413 -0.261057 -0.955117 0.140004 -1008.915134 0.000000 0.000000 0.000000 1.000000
-0.979736 0.200291 0.000527 -595.525484 -0.031116 -0.149607 -0.988256 -144.709932 -0.197860 -0.968246 0.152808 -979.231893 0.000000 0.000000 0.000000 1.000000
-0.987582 0.157090 0.002070 -648.645746 -0.025519 -0.147403 -0.988747 -138.812418 -0.155017 -0.976522 0.149581 -957.118713 0.000000 0.000000 0.000000 1.000000
-0.992896 0.118982 0.001333 -685.488706 -0.019220 -0.149312 -0.988603 -137.481094 -0.117427 -0.981605 0.150538 -943.082928 0.000000 0.000000 0.000000 1.000000
-0.998024 0.062827 0.000608 -739.553150 -0.010195 -0.152380 -0.988269 -134.829455 -0.061997 -0.986323 0.152720 -913.804894 0.000000 0.000000 0.000000 1.000000
-0.999974 -0.007230 0.000839 -807.558055 0.000226 -0.146166 -0.989260 -122.188964 0.007275 -0.989234 0.146164 -868.631483 0.000000 0.000000 0.000000 1.000000
-0.997662 -0.068332 0.000869 -864.414901 0.009328 -0.148768 -0.988828 -118.492958 0.067698 -0.986508 0.149058 -825.492042 0.000000 0.000000 0.000000 1.000000
-0.990902 -0.134583 0.000828 -921.714587 0.018591 -0.142970 -0.989552 -107.325023 0.133295 -0.980534 0.144171 -776.919697 0.000000 0.000000 0.000000 1.000000
-0.990535 -0.136364 0.015632 -970.188803 0.004190 -0.143874 -0.989587 -103.216113 0.137193 -0.980156 0.143084 -730.082085 0.000000 0.000000 0.000000 1.000000
-0.996107 -0.077197 0.042553 -1003.431457 -0.031522 -0.138855 -0.989811 -100.949178 0.082319 -0.987299 0.135881 -698.460254 0.000000 0.000000 0.000000 1.000000
-0.965610 -0.259984 0.002277 -1030.263809 0.035736 -0.141391 -0.989309 -94.212784 0.257527 -0.955205 0.145820 -673.910813 0.000000 0.000000 0.000000 1.000000
-0.959645 -0.281213 0.001018 -1044.942639 0.040255 -0.140952 -0.989198 -93.320888 0.278319 -0.949237 0.146584 -666.613604 0.000000 0.000000 0.000000 1.000000
-0.954985 -0.296653 0.001042 -1058.734999 0.042713 -0.140973 -0.989092 -92.705587 0.293563 -0.944523 0.147298 -660.430164 0.000000 0.000000 0.000000 1.000000
-0.985189 -0.167119 0.038389 -1074.608196 -0.015005 -0.138999 -0.990179 -89.786281 0.170814 -0.976089 0.134433 -650.442639 0.000000 0.000000 0.000000 1.000000
-0.940902 -0.338679 0.000414 -1093.311100 0.049124 -0.137683 -0.989257 -88.502707 0.335097 -0.930774 0.146184 -635.476443 0.000000 0.000000 0.000000 1.000000
-0.937647 -0.347589 0.000267 -1102.680850 0.049879 -0.135313 -0.989547 -87.497345 0.343991 -0.927832 0.144213 -634.189799 0.000000 0.000000 0.000000 1.000000
-0.936035 -0.351861 0.005730 -1126.350988 0.045790 -0.137924 -0.989384 -85.682940 0.348916 -0.925835 0.145213 -607.676540 0.000000 0.000000 0.000000 1.000000
-0.906904 -0.421337 0.000928 -1158.815828 0.061202 -0.133912 -0.989102 -78.857045 0.416869 -0.896963 0.147232 -561.796160 0.000000 0.000000 0.000000 1.000000
-0.891237 -0.453537 0.000975 -1184.281579 0.068680 -0.137085 -0.988175 -77.208671 0.448308 -0.880631 0.153324 -523.647053 0.000000 0.000000 0.000000 1.000000
-0.878314 -0.478085 0.000467 -1198.959449 0.071749 -0.132780 -0.988545 -73.140709 0.472670 -0.868219 0.150924 -505.978821 0.000000 0.000000 0.000000 1.000000
-0.883589 -0.468248 0.003779 -1208.034679 0.065608 -0.131784 -0.989105 -72.499388 0.463645 -0.873714 0.147163 -502.338773 0.000000 0.000000 0.000000 1.000000
-0.900238 -0.435349 0.006600 -1195.842131 0.060782 -0.140669 -0.988189 -82.936027 0.431135 -0.889204 0.153097 -545.952401 0.000000 0.000000 0.000000 1.000000
-0.903879 -0.427784 0.001730 -1179.718490 0.064726 -0.140758 -0.987926 -90.654744 0.422863 -0.892854 0.154917 -596.215960 0.000000 0.000000 0.000000 1.000000
-0.915968 -0.401252 0.000514 -1161.270010 0.060263 -0.138835 -0.988480 -96.580976 0.396701 -0.905385 0.151349 -647.549984 0.000000 0.000000 0.000000 1.000000
-0.932809 -0.360367 0.001566 -1137.188819 0.050371 -0.134685 -0.989607 -100.323457 0.356833 -0.923036 0.143787 -704.187359 0.000000 0.000000 0.000000 1.000000
-0.935525 -0.353260 0.001059 -1132.917579 0.045862 -0.124426 -0.991168 -95.446263 0.350272 -0.927214 0.132605 -727.810690 0.000000 0.000000 0.000000 1.000000
-0.935731 -0.352708 0.002216 -1143.037769 0.047914 -0.133334 -0.989912 -103.696058 0.349445 -0.926185 0.141664 -729.565674 0.000000 0.000000 0.000000 1.000000
-0.988604 -0.135611 0.065361 -1148.072610 -0.050331 -0.111444 -0.992495 -95.776904 0.141878 -0.984474 0.103348 -740.598549 0.000000 0.000000 0.000000 1.000000
-0.927387 -0.374101 0.000895 -1162.115829 0.044539 -0.112787 -0.992620 -88.640815 0.371441 -0.920504 0.121259 -736.165504 0.000000 0.000000 0.000000 1.000000
-0.926053 -0.377387 0.002342 -1175.464199 0.042497 -0.110445 -0.992973 -87.323557 0.374994 -0.919446 0.118316 -732.129047 0.000000 0.000000 0.000000 1.000000
-0.922751 -0.385393 0.001545 -1181.554829 0.043035 -0.107022 -0.993325 -85.077816 0.382985 -0.916525 0.115340 -738.827861 0.000000 0.000000 0.000000 1.000000
-0.932333 -0.361595 0.001938 -1168.052749 0.039910 -0.108226 -0.993325 -89.305866 0.359391 -0.926032 0.115334 -775.039866 0.000000 0.000000 0.000000 1.000000
-0.947000 -0.321233 0.000742 -1131.265690 0.038581 -0.116028 -0.992496 -102.165286 0.318908 -0.939865 0.122272 -840.682780 0.000000 0.000000 0.000000 1.000000
-0.961494 -0.274825 0.000565 -1091.791620 0.036572 -0.129986 -0.990841 -121.463703 0.272381 -0.952667 0.135032 -903.693086 0.000000 0.000000 0.000000 1.000000
-0.977412 -0.211331 0.002139 -1039.813199 0.025921 -0.129916 -0.991186 -129.805922 0.209747 -0.968742 0.132460 -976.085097 0.000000 0.000000 0.000000 1.000000
-0.987073 -0.160269 0.000647 -983.389178 0.022199 -0.140720 -0.989800 -148.380820 0.158725 -0.976991 0.142459 -1043.644137 0.000000 0.000000 0.000000 1.000000
-0.995804 -0.091508 0.001152 -913.163691 0.011538 -0.138026 -0.990361 -154.783420 0.090785 -0.986192 0.138503 -1117.048362 0.000000 0.000000 0.000000 1.000000
-0.998627 -0.052375 0.000759 -869.512753 0.006154 -0.131711 -0.991269 -153.290035 0.052017 -0.989904 0.131853 -1163.325444 0.000000 0.000000 0.000000 1.000000
-0.999094 -0.042395 0.003807 -873.530994 0.001829 -0.132109 -0.991234 -155.782952 0.042527 -0.990328 0.132067 -1172.283116 0.000000 0.000000 0.000000 1.000000
-0.999481 -0.032218 0.000536 -850.151987 0.003899 -0.137439 -0.990503 -164.614861 0.031986 -0.989986 0.137493 -1199.077304 0.000000 0.000000 0.000000 1.000000
-0.999501 -0.031583 0.000066 -848.909722 0.004725 -0.151591 -0.988432 -182.887946 0.031227 -0.987939 0.151665 -1206.993959 0.000000 0.000000 0.000000 1.000000
-0.997968 -0.063724 0.000062 -890.064991 0.010423 -0.164194 -0.986373 -195.310790 0.062866 -0.984368 0.164525 -1184.588617 0.000000 0.000000 0.000000 1.000000
-0.993944 -0.109887 0.000661 -947.006108 0.017445 -0.163719 -0.986353 -189.271326 0.108496 -0.980368 0.164645 -1149.934937 0.000000 0.000000 0.000000 1.000000
-0.992679 -0.120784 0.000238 -960.023255 0.017578 -0.146415 -0.989067 -169.667753 0.119498 -0.981822 0.147467 -1153.014189 0.000000 0.000000 0.000000 1.000000
-0.997610 -0.068132 0.011477 -947.868219 -0.001155 -0.149656 -0.988737 -180.643082 0.069082 -0.986388 0.149220 -1171.954127 0.000000 0.000000 0.000000 1.000000
-0.994460 -0.105111 0.000681 -946.238224 0.015816 -0.156031 -0.987626 -186.516849 0.103916 -0.982144 0.156829 -1183.441855 0.000000 0.000000 0.000000 1.000000
-0.996853 -0.078566 0.010558 -962.176738 0.001537 -0.152314 -0.988331 -187.924871 0.079258 -0.985204 0.151955 -1181.251800 0.000000 0.000000 0.000000 1.000000
-0.993185 -0.116533 0.001703 -966.313645 0.016735 -0.157061 -0.987447 -189.210193 0.115338 -0.980690 0.157941 -1188.210220 0.000000 0.000000 0.000000 1.000000
-0.991511 -0.130024 0.000502 -976.789602 0.019528 -0.152723 -0.988076 -183.772100 0.128550 -0.979678 0.153966 -1191.011748 0.000000 0.000000 0.000000 1.000000
-0.997743 -0.064879 0.017335 -978.302300 -0.007512 -0.148680 -0.988857 -187.733137 0.066734 -0.986755 0.147857 -1200.082821 0.000000 0.000000 0.000000 1.000000
-0.990169 -0.139871 0.000836 -994.766626 0.020792 -0.153091 -0.987993 -186.370750 0.138320 -0.978263 0.154494 -1196.479975 0.000000 0.000000 0.000000 1.000000
-0.988576 -0.150713 0.001832 -1016.956298 0.022138 -0.157210 -0.987317 -191.893818 0.149090 -0.975997 0.158750 -1187.759174 0.000000 0.000000 0.000000 1.000000
-0.990017 -0.140951 0.000081 -994.723101 0.022369 -0.157685 -0.987236 -195.190464 0.139165 -0.977378 0.159263 -1216.252839 0.000000 0.000000 0.000000 1.000000
-0.991387 -0.130963 0.000812 -985.472544 0.020070 -0.158053 -0.987227 -197.685535 0.129419 -0.978707 0.159321 -1232.208308 0.000000 0.000000 0.000000 1.000000
-0.988368 -0.152082 0.000864 -1015.566609 0.022781 -0.153665 -0.987860 -190.876907 0.150368 -0.976350 0.155342 -1216.089863 0.000000 0.000000 0.000000 1.000000
-0.987707 -0.156314 0.000631 -1018.668019 0.023610 -0.153173 -0.987917 -190.583504 0.154522 -0.975758 0.154981 -1218.016586 0.000000 0.000000 0.000000 1.000000
-0.909371 0.379963 0.169332 -1009.747155 -0.217435 -0.087134 -0.972178 -205.607472 -0.354637 -0.920889 0.161855 -1227.911967 0.000000 0.000000 0.000000 1.000000
-0.992331 -0.123603 0.001079 -981.030810 0.019291 -0.163488 -0.986357 -209.490864 0.122094 -0.978772 0.164619 -1258.267985 0.000000 0.000000 0.000000 1.000000
-0.993751 -0.111617 0.001050 -965.810416 0.017526 -0.165309 -0.986086 -215.125603 0.110237 -0.979905 0.166232 -1278.876265 0.000000 0.000000 0.000000 1.000000
-0.993412 -0.114594 0.000618 -968.233426 0.019091 -0.170812 -0.985119 -223.481307 0.112994 -0.978617 0.171874 -1286.010019 0.000000 0.000000 0.000000 1.000000
-0.992877 -0.119141 0.000940 -977.670928 0.018580 -0.162621 -0.986514 -214.182237 0.117687 -0.979469 0.163676 -1290.954346 0.000000 0.000000 0.000000 1.000000
-0.992940 -0.118616 0.000864 -978.284467 0.017626 -0.154746 -0.987797 -205.625640 0.117302 -0.980808 0.155745 -1304.495066 0.000000 0.000000 0.000000 1.000000
-0.997690 -0.067264 0.009495 -955.693977 0.000657 -0.149328 -0.988787 -206.153208 0.067928 -0.986497 0.149028 -1333.046073 0.000000 0.000000 0.000000 1.000000
-0.996143 -0.087726 0.001717 -944.523092 0.011772 -0.153015 -0.988154 -211.289075 0.086949 -0.984322 0.153458 -1350.982989 0.000000 0.000000 0.000000 1.000000
-0.995219 -0.097668 0.000250 -950.355783 0.015329 -0.158729 -0.987203 -218.856577 0.096457 -0.982480 0.159468 -1357.609669 0.000000 0.000000 0.000000 1.000000
-0.995743 -0.092127 0.002890 -958.403594 0.011746 -0.157929 -0.987381 -220.610155 0.091421 -0.983143 0.158339 -1361.940103 0.000000 0.000000 0.000000 1.000000
-0.993993 -0.109439 0.000722 -969.435809 0.016195 -0.153612 -0.987999 -212.875790 0.108237 -0.982052 0.154461 -1365.269778 0.000000 0.000000 0.000000 1.000000
-0.996739 -0.080182 0.009056 -978.928845 0.003230 -0.151784 -0.988408 -218.551852 0.080627 -0.985156 0.151548 -1368.126027 0.000000 0.000000 0.000000 1.000000
-0.991915 -0.126904 0.000359 -995.456975 0.020149 -0.160285 -0.986865 -223.250816 0.125295 -0.978879 0.161546 -1365.296539 0.000000 0.000000 0.000000 1.000000
-0.991109 -0.133050 0.000657 -1006.536169 0.020523 -0.157753 -0.987265 -220.096841 0.131459 -0.978474 0.159081 -1367.203747 0.000000 0.000000 0.000000 1.000000
-0.991697 -0.128594 0.000339 -999.891644 0.021001 -0.164557 -0.986144 -231.852044 0.126868 -0.977949 0.165891 -1379.812958 0.000000 0.000000 0.000000 1.000000
-0.994219 -0.107345 0.002196 -984.257147 0.015960 -0.167984 -0.985661 -241.747364 0.106174 -0.979928 0.168726 -1398.545414 0.000000 0.000000 0.000000 1.000000
-0.994188 -0.107637 0.002243 -987.158618 0.016370 -0.171732 -0.985008 -248.569356 0.106408 -0.979246 0.172496 -1401.758321 0.000000 0.000000 0.000000 1.000000
-0.992912 -0.118848 -0.000037 -988.242552 0.020915 -0.174425 -0.984448 -250.873107 0.116993 -0.977472 0.175674 -1406.022158 0.000000 0.000000 0.000000 1.000000
-0.991070 -0.133345 0.000022 -1010.718278 0.021887 -0.162836 -0.986410 -233.118601 0.131537 -0.977601 0.164300 -1398.805105 0.000000 0.000000 0.000000 1.000000
-0.990321 -0.138795 0.000352 -1018.669768 0.022477 -0.162876 -0.986391 -232.463375 0.136964 -0.976835 0.164419 -1398.633667 0.000000 0.000000 0.000000 1.000000
-0.990563 -0.137054 0.000279 -1018.018639 0.022709 -0.166140 -0.985841 -238.512207 0.135160 -0.976531 0.167685 -1401.396446 0.000000 0.000000 0.000000 1.000000
-0.990983 -0.133985 0.000125 -1012.231880 0.022338 -0.166140 -0.985849 -239.139423 0.132110 -0.976957 0.167635 -1408.332389 0.000000 0.000000 0.000000 1.000000
-0.992090 -0.125525 0.000424 -1003.110899 0.021751 -0.175235 -0.984286 -254.711045 0.123627 -0.976492 0.176579 -1417.009086 0.000000 0.000000 0.000000 1.000000
-0.991083 -0.133245 0.000032 -1014.370850 0.024157 -0.179918 -0.983385 -261.585028 0.131037 -0.974615 0.181533 -1415.121237 0.000000 0.000000 0.000000 1.000000
-0.989622 -0.143698 0.000073 -1029.619290 0.026891 -0.185690 -0.982240 -269.809853 0.141160 -0.972044 0.187627 -1411.612039 0.000000 0.000000 0.000000 1.000000
-0.993083 -0.117414 -0.000030 -991.636974 0.023982 -0.202582 -0.978972 -300.791825 0.114939 -0.972201 0.203997 -1442.041169 0.000000 0.000000 0.000000 1.000000
-0.994362 -0.106040 0.000140 -975.587140 0.022869 -0.215735 -0.976184 -324.638459 0.103545 -0.970677 0.216944 -1458.434810 0.000000 0.000000 0.000000 1.000000
-0.995764 -0.091921 0.002248 -970.574596 0.018801 -0.227477 -0.973602 -347.914134 0.090006 -0.969435 0.228241 -1466.789335 0.000000 0.000000 0.000000 1.000000
-0.994530 -0.104455 0.000373 -977.019153 0.023662 -0.228766 -0.973194 -349.609195 0.101740 -0.967861 0.229986 -1473.324338 0.000000 0.000000 0.000000 1.000000
-0.994506 -0.104678 0.000011 -976.336112 0.023675 -0.225033 -0.974064 -346.975213 0.101965 -0.968712 0.226275 -1485.737960 0.000000 0.000000 0.000000 1.000000
-0.994542 -0.104333 0.000056 -976.961880 0.024154 -0.230774 -0.972707 -359.009387 0.101499 -0.967397 0.232035 -1494.750640 0.000000 0.000000 0.000000 1.000000
-0.997106 -0.075770 0.006215 -986.709549 0.011082 -0.225736 -0.974125 -363.955599 0.075212 -0.971237 0.225923 -1499.009388 0.000000 0.000000 0.000000 1.000000
-0.995120 -0.098674 0.000020 -973.116072 0.024004 -0.242278 -0.969910 -385.662301 0.095710 -0.965176 0.243464 -1515.925725 0.000000 0.000000 0.000000 1.000000
-0.993661 -0.112262 -0.005905 -993.820548 0.031815 -0.230443 -0.972566 -378.363479 0.107821 -0.966588 0.232554 -1518.242989 0.000000 0.000000 0.000000 1.000000
-0.992747 -0.120221 -0.000034 -1010.810639 0.027682 -0.228319 -0.973193 -366.907641 0.116990 -0.966135 0.229991 -1525.993944 0.000000 0.000000 0.000000 1.000000
-0.990311 -0.138871 -0.000005 -1040.053239 0.029414 -0.209719 -0.977319 -337.518242 0.135720 -0.967850 0.211772 -1528.781227 0.000000 0.000000 0.000000 1.000000
-0.982735 -0.185000 0.002796 -1128.076800 0.032699 -0.188533 -0.981522 -297.855250 0.182108 -0.964485 0.191327 -1487.231258 0.000000 0.000000 0.000000 1.000000
-0.745570 -0.666427 -0.000043 -1752.306440 0.058651 -0.065553 -0.996124 -71.763297 0.663841 -0.742683 0.087961 -739.208473 0.000000 0.000000 0.000000 1.000000
-0.760815 -0.648969 0.000934 -1745.940240 0.048992 -0.058870 -0.997063 -67.387792 0.647117 -0.758534 0.076584 -785.372954 0.000000 0.000000 0.000000 1.000000
-0.993454 -0.114231 0.000123 -1004.180260 0.016911 -0.148136 -0.988822 -251.787479 0.112972 -0.982348 0.149098 -1625.052370 0.000000 0.000000 0.000000 1.000000
-0.992047 -0.125871 0.000010 -1023.675910 0.020236 -0.159568 -0.986980 -270.801969 0.124234 -0.979129 0.160846 -1621.181760 0.000000 0.000000 0.000000 1.000000
-0.992603 -0.121403 0.000385 -1018.208240 0.017919 -0.149648 -0.988577 -256.677360 0.120074 -0.981258 0.150716 -1637.080448 0.000000 0.000000 0.000000 1.000000
-0.994859 -0.101274 0.000299 -982.929677 0.014825 -0.148556 -0.988793 -258.789089 0.100183 -0.983705 0.149294 -1668.187689 0.000000 0.000000 0.000000 1.000000
-0.995163 -0.098240 0.000526 -979.665392 0.014234 -0.149484 -0.988662 -262.515648 0.097205 -0.983872 0.150159 -1679.876237 0.000000 0.000000 0.000000 1.000000
-0.994448 -0.105231 0.000101 -989.151110 0.015955 -0.151719 -0.988295 -267.053564 0.104015 -0.982806 0.152555 -1683.609560 0.000000 0.000000 0.000000 1.000000
-0.995747 -0.092123 0.001212 -974.108658 0.013741 -0.161497 -0.986777 -287.479761 0.091101 -0.982564 0.162076 -1698.286103 0.000000 0.000000 0.000000 1.000000
-0.996892 -0.078572 0.005667 -981.290406 0.007213 -0.162668 -0.986655 -293.779960 0.078445 -0.983548 0.162729 -1702.866589 0.000000 0.000000 0.000000 1.000000
-0.993882 -0.110447 0.000632 -999.897001 0.016217 -0.151586 -0.988311 -269.979675 0.109252 -0.982254 0.152449 -1705.642208 0.000000 0.000000 0.000000 1.000000
-0.993969 -0.109658 0.000814 -1000.085380 0.015892 -0.151381 -0.988348 -271.554878 0.108503 -0.982374 0.152211 -1715.842997 0.000000 0.000000 0.000000 1.000000
-0.994965 -0.100217 0.001173 -985.525458 0.012335 -0.134058 -0.990897 -243.503390 0.099462 -0.985893 0.134619 -1738.636945 0.000000 0.000000 0.000000 1.000000
-0.995620 -0.093490 0.000493 -969.065525 0.010609 -0.118208 -0.992932 -216.797238 0.092887 -0.988578 0.118682 -1760.406708 0.000000 0.000000 0.000000 1.000000
-0.995541 -0.094326 0.000823 -972.045478 0.009873 -0.112878 -0.993560 -208.026148 0.093812 -0.989121 0.113306 -1769.693677 0.000000 0.000000 0.000000 1.000000
-0.993777 -0.111391 0.000165 -999.611540 0.013761 -0.124235 -0.992157 -227.386270 0.110538 -0.985981 0.124995 -1760.550350 0.000000 0.000000 0.000000 1.000000
-0.968329 -0.249679 0.000541 -1240.875420 0.021159 -0.084219 -0.996223 -146.178362 0.248781 -0.964659 0.086834 -1618.808759 0.000000 0.000000 0.000000 1.000000
-0.537804 -0.843070 0.000391 -2020.188140 0.017086 -0.011363 -0.999789 -12.035349 0.842897 -0.537684 0.020515 -344.989165 0.000000 0.000000 0.000000 1.000000
-0.336065 -0.941837 0.001732 -2047.679420 -0.000487 -0.001665 -0.999998 -4.699621 0.941839 -0.336066 0.000101 126.631970 0.000000 0.000000 0.000000 1.000000
-0.012638 -0.999920 0.000114 -1905.404770 0.014558 -0.000298 -0.999894 6.717202 0.999814 -0.012635 0.014560 769.211044 0.000000 0.000000 0.000000 1.000000
0.346351 -0.938105 -0.000066 -1507.631270 0.061691 0.022847 -0.997834 87.710739 0.936074 0.345596 0.065786 1396.769971 0.000000 0.000000 0.000000 1.000000
0.486034 -0.873939 -0.000872 -1249.521580 0.085074 0.048307 -0.995203 154.915730 0.869789 0.483628 0.097828 1626.726199 0.000000 0.000000 0.000000 1.000000
0.649127 -0.760680 -0.000390 -933.210687 0.092223 0.079206 -0.992583 217.516436 0.755069 0.644276 0.121567 1817.736326 0.000000 0.000000 0.000000 1.000000
0.695416 -0.718606 -0.000821 -807.539448 0.094580 0.092661 -0.991196 244.492379 0.712356 0.689216 0.132404 1869.934386 0.000000 0.000000 0.000000 1.000000
0.715599 -0.698511 -0.000237 -766.989635 0.089329 0.091851 -0.991758 239.051431 0.692776 0.709680 0.128126 1882.072476 0.000000 0.000000 0.000000 1.000000
0.727279 -0.686342 -0.000829 -723.664603 0.088722 0.095212 -0.991495 240.680143 0.680584 0.721020 0.130139 1891.996298 0.000000 0.000000 0.000000 1.000000
0.810869 -0.585228 0.000021 -484.563808 0.074673 0.103429 -0.991830 248.209193 0.580444 0.804245 0.127569 1958.488753 0.000000 0.000000 0.000000 1.000000
0.905506 -0.424333 -0.000057 -112.958071 0.055883 0.119386 -0.991274 258.654876 0.420637 0.897602 0.131818 2005.686330 0.000000 0.000000 0.000000 1.000000
0.972919 -0.231144 0.000565 289.625498 0.034880 0.144399 -0.988905 283.583663 0.228498 0.962144 0.148551 1975.948107 0.000000 0.000000 0.000000 1.000000
0.997511 -0.070516 0.000289 609.918500 0.011604 0.160109 -0.987031 302.585702 0.069555 0.984577 0.160529 1889.839538 0.000000 0.000000 0.000000 1.000000
0.999829 0.018514 -0.000206 780.612741 -0.003371 0.171089 -0.985250 313.393958 -0.018206 0.985082 0.171122 1814.896994 0.000000 0.000000 0.000000 1.000000
0.999973 0.007396 -0.000253 758.772507 -0.001552 0.176152 -0.984362 323.272296 -0.007236 0.984335 0.176159 1813.278746 0.000000 0.000000 0.000000 1.000000
0.999817 0.019151 -0.000181 781.819427 -0.003493 0.173056 -0.984906 313.064946 -0.018831 0.984726 0.173091 1793.945731 0.000000 0.000000 0.000000 1.000000
0.997154 0.075391 -0.000087 879.111007 -0.011961 0.157065 -0.987516 274.572023 -0.074437 0.984706 0.157520 1741.870892 0.000000 0.000000 0.000000 1.000000
0.989482 0.144314 0.009967 893.966024 -0.014096 0.164760 -0.986233 253.163762 -0.143970 0.975719 0.165061 1724.751300 0.000000 0.000000 0.000000 1.000000
0.996674 0.081491 0.000006 888.623052 -0.012250 0.149890 -0.988627 257.145545 -0.080565 0.985339 0.150390 1715.215971 0.000000 0.000000 0.000000 1.000000
0.998510 0.054572 -0.000153 842.416041 -0.008482 0.152436 -0.988277 263.640548 -0.053909 0.986806 0.152672 1728.096021 0.000000 0.000000 0.000000 1.000000
0.998739 0.050207 -0.000147 834.119341 -0.008148 0.159207 -0.987212 274.359130 -0.049542 0.985968 0.159415 1720.639481 0.000000 0.000000 0.000000 1.000000
0.998625 0.052415 -0.000003 837.165991 -0.009358 0.178253 -0.983940 305.300908 -0.051572 0.982588 0.178498 1705.376571 0.000000 0.000000 0.000000 1.000000
0.998459 0.055485 -0.000192 841.229634 -0.010549 0.186437 -0.982410 318.513182 -0.054474 0.980899 0.186735 1692.472271 0.000000 0.000000 0.000000 1.000000
0.984550 0.175102 -0.000316 1041.577850 -0.031024 0.172662 -0.984492 277.398808 -0.172332 0.969292 0.175427 1575.750400 0.000000 0.000000 0.000000 1.000000
0.775994 0.630741 -0.000122 1683.280970 -0.098320 0.120771 -0.987799 134.161625 -0.623031 0.766538 0.155732 877.754989 0.000000 0.000000 0.000000 1.000000
0.470377 0.882466 -0.000111 1891.787820 -0.155098 0.082547 -0.984444 24.123524 -0.868729 0.463077 0.175697 160.914596 0.000000 0.000000 0.000000 1.000000
0.228788 0.973476 0.000399 1866.883770 -0.182018 0.043181 -0.982347 -66.289700 -0.956308 0.224676 0.187069 -321.709344 0.000000 0.000000 0.000000 1.000000
0.035790 0.999359 0.000549 1762.799660 -0.196447 0.007574 -0.980485 -141.537948 -0.979861 0.034984 0.196592 -679.052190 0.000000 0.000000 0.000000 1.000000
-0.060076 0.998194 -0.000342 1686.879990 -0.199650 -0.012352 -0.979789 -178.768943 -0.978024 -0.058794 0.200031 -846.425097 0.000000 0.000000 0.000000 1.000000
0.013059 0.999914 -0.000812 1745.792569 -0.194565 0.001744 -0.980888 -151.499513 -0.980803 0.012967 0.194571 -732.632043 0.000000 0.000000 0.000000 1.000000
0.186807 0.982397 0.000054 1853.635000 -0.177269 0.033762 -0.983583 -84.159708 -0.966271 0.183730 0.180455 -421.374564 0.000000 0.000000 0.000000 1.000000
0.485861 0.874036 0.000093 1898.439890 -0.139181 0.077473 -0.987232 19.374809 -0.862883 0.479645 0.159290 161.486206 0.000000 0.000000 0.000000 1.000000
0.765498 0.643438 -0.000201 1722.197340 -0.086997 0.103190 -0.990850 103.759879 -0.637530 0.758511 0.134969 812.081183 0.000000 0.000000 0.000000 1.000000
0.913757 0.406262 -0.000055 1432.073980 -0.050764 0.114042 -0.992178 150.420150 -0.403078 0.906612 0.124830 1250.468531 0.000000 0.000000 0.000000 1.000000
0.974509 0.224347 -0.000289 1166.984240 -0.028702 0.123397 -0.991942 184.708387 -0.222504 0.966665 0.126690 1495.554262 0.000000 0.000000 0.000000 1.000000
0.996144 0.087735 0.000040 952.455123 -0.010352 0.117983 -0.992962 188.156402 -0.087122 0.989132 0.118437 1637.462411 0.000000 0.000000 0.000000 1.000000
0.999864 -0.016497 -0.000288 778.205719 0.001762 0.124105 -0.992267 208.923636 0.016406 0.992132 0.124117 1720.728572 0.000000 0.000000 0.000000 1.000000
0.999700 0.024222 0.003591 785.818846 0.000044 0.144897 -0.989447 209.680053 -0.024487 0.989150 0.144852 1711.764757 0.000000 0.000000 0.000000 1.000000
0.999908 0.012619 0.005041 798.576796 0.003190 0.142592 -0.989776 215.962902 -0.013209 0.989701 0.142539 1697.684362 0.000000 0.000000 0.000000 1.000000
0.999993 0.003738 -0.000004 813.430033 -0.000527 0.140110 -0.990136 231.931441 -0.003700 0.990129 0.140111 1680.099582 0.000000 0.000000 0.000000 1.000000
0.999614 0.027784 -0.000039 852.813147 -0.004124 0.146991 -0.989129 240.209698 -0.027477 0.988747 0.147049 1650.791063 0.000000 0.000000 0.000000 1.000000
0.999721 0.023598 0.000351 833.063543 -0.003122 0.146980 -0.989135 239.506082 -0.023393 0.988858 0.147013 1650.853031 0.000000 0.000000 0.000000 1.000000
0.999721 0.023616 -0.000186 844.731377 -0.003700 0.148843 -0.988854 242.874671 -0.023325 0.988579 0.148889 1634.798642 0.000000 0.000000 0.000000 1.000000
0.998155 0.060705 0.000947 894.497266 -0.007383 0.136847 -0.990565 214.677316 -0.060262 0.988730 0.137043 1600.885580 0.000000 0.000000 0.000000 1.000000
0.997946 0.064053 0.000249 910.352463 -0.008327 0.133584 -0.991002 209.482776 -0.063510 0.988965 0.133843 1581.914912 0.000000 0.000000 0.000000 1.000000
0.997778 0.066629 0.000004 913.429139 -0.008962 0.134260 -0.990906 209.994058 -0.066024 0.988704 0.134559 1569.249722 0.000000 0.000000 0.000000 1.000000
0.996275 0.086175 0.003135 900.747184 -0.009214 0.142526 -0.989748 212.508703 -0.085738 0.986033 0.142789 1565.472968 0.000000 0.000000 0.000000 1.000000
0.999672 0.025610 0.000103 849.253680 -0.003082 0.124311 -0.992238 196.579541 -0.025424 0.991913 0.124350 1585.754320 0.000000 0.000000 0.000000 1.000000
0.999928 0.011999 0.000057 823.632000 -0.001632 0.140699 -0.990051 224.292883 -0.011887 0.989980 0.140709 1585.185495 0.000000 0.000000 0.000000 1.000000
0.999955 0.009536 -0.000015 822.767081 -0.001317 0.136543 -0.990633 216.953665 -0.009445 0.990588 0.136549 1577.167182 0.000000 0.000000 0.000000 1.000000
0.999935 0.011391 -0.000126 822.706333 -0.001822 0.148955 -0.988842 235.730443 -0.011245 0.988778 0.148966 1566.102216 0.000000 0.000000 0.000000 1.000000
0.999986 0.005220 0.000072 815.365220 -0.000822 0.171019 -0.985267 270.445977 -0.005156 0.985254 0.171021 1557.062711 0.000000 0.000000 0.000000 1.000000
0.999998 0.002112 0.000094 810.063653 -0.000299 0.185077 -0.982724 292.288954 -0.002093 0.982722 0.185077 1550.139902 0.000000 0.000000 0.000000 1.000000
0.999929 0.011928 0.000001 825.634162 -0.002243 0.188110 -0.982145 294.834556 -0.011715 0.982076 0.188123 1537.879911 0.000000 0.000000 0.000000 1.000000
0.999855 0.017003 0.000028 829.875259 -0.003177 0.188436 -0.982080 294.330784 -0.016704 0.981938 0.188462 1532.946406 0.000000 0.000000 0.000000 1.000000
0.999778 0.021050 0.000110 834.287227 -0.003736 0.182574 -0.983185 283.985933 -0.020716 0.982967 0.182612 1529.050521 0.000000 0.000000 0.000000 1.000000
0.999987 -0.005133 -0.000075 797.954945 0.000885 0.186653 -0.982425 293.426470 0.005056 0.982412 0.186655 1540.280304 0.000000 0.000000 0.000000 1.000000
1.000000 0.000232 -0.000007 805.863290 -0.000048 0.178330 -0.983971 277.902672 -0.000227 0.983971 0.178330 1530.675143 0.000000 0.000000 0.000000 1.000000
0.999996 0.002772 0.000156 810.228833 -0.000312 0.167853 -0.985812 259.047270 -0.002759 0.985808 0.167853 1522.481542 0.000000 0.000000 0.000000 1.000000
0.999759 0.021941 0.000263 836.586232 -0.003400 0.166735 -0.985996 253.014579 -0.021677 0.985758 0.166769 1498.948674 0.000000 0.000000 0.000000 1.000000
0.999314 0.037024 0.000378 856.272196 -0.005651 0.162598 -0.986676 242.888167 -0.036592 0.985998 0.162696 1479.801316 0.000000 0.000000 0.000000 1.000000
0.999567 0.029433 -0.000049 850.488175 -0.004667 0.156826 -0.987615 234.421675 -0.029061 0.987188 0.156896 1474.554101 0.000000 0.000000 0.000000 1.000000
0.999637 0.026956 -0.000051 845.543207 -0.004355 0.159645 -0.987165 237.916835 -0.026602 0.986806 0.159705 1467.572402 0.000000 0.000000 0.000000 1.000000
0.999516 0.031121 0.000203 850.263593 -0.004963 0.165815 -0.986144 244.177618 -0.030724 0.985666 0.165889 1454.150463 0.000000 0.000000 0.000000 1.000000
0.999178 0.040542 -0.000201 865.950027 -0.006601 0.157796 -0.987450 230.535738 -0.040002 0.986639 0.157934 1437.120121 0.000000 0.000000 0.000000 1.000000
0.967802 0.248840 0.037911 870.401606 -0.013480 0.201633 -0.979368 222.612005 -0.251350 0.947324 0.198495 1426.051807 0.000000 0.000000 0.000000 1.000000
0.999701 0.024461 -0.000179 841.439324 -0.004051 0.158322 -0.987379 230.171554 -0.024124 0.987085 0.158373 1431.698471 0.000000 0.000000 0.000000 1.000000
0.999690 0.024832 0.001841 822.134492 -0.001871 0.148633 -0.988891 209.055832 -0.024830 0.988581 0.148633 1434.821512 0.000000 0.000000 0.000000 1.000000
0.999863 0.016540 0.000691 819.228174 -0.001748 0.147005 -0.989134 210.156433 -0.016462 0.988997 0.147014 1425.344893 0.000000 0.000000 0.000000 1.000000
0.999774 0.021273 0.000023 837.250617 -0.003079 0.145791 -0.989311 207.497020 -0.021049 0.989087 0.145824 1405.076110 0.000000 0.000000 0.000000 1.000000
0.999527 0.030742 0.000243 849.302871 -0.004120 0.141783 -0.989889 198.920277 -0.030465 0.989420 0.141842 1389.003523 0.000000 0.000000 0.000000 1.000000
0.999542 0.030251 0.000019 848.679468 -0.004556 0.151172 -0.988497 211.663166 -0.029906 0.988044 0.151241 1378.595521 0.000000 0.000000 0.000000 1.000000
0.999819 0.019030 0.000122 833.622025 -0.002685 0.147409 -0.989072 206.371176 -0.018840 0.988892 0.147434 1381.843330 0.000000 0.000000 0.000000 1.000000
0.999804 0.019779 0.000034 833.797744 -0.002897 0.148117 -0.988966 206.791669 -0.019566 0.988772 0.148146 1376.802833 0.000000 0.000000 0.000000 1.000000
0.999767 0.021573 0.000436 836.380383 -0.002795 0.149491 -0.988759 207.035060 -0.021395 0.988528 0.149517 1371.834483 0.000000 0.000000 0.000000 1.000000
0.999732 0.023142 -0.000075 838.210421 -0.003491 0.147625 -0.989037 204.752067 -0.022877 0.988773 0.147666 1365.050112 0.000000 0.000000 0.000000 1.000000
0.999864 0.016474 -0.000545 829.244440 -0.002958 0.146817 -0.989159 204.198346 -0.016216 0.989026 0.146846 1361.530851 0.000000 0.000000 0.000000 1.000000
0.999939 0.011002 -0.000149 818.963462 -0.001739 0.144593 -0.989490 199.818075 -0.010865 0.989430 0.144603 1358.253394 0.000000 0.000000 0.000000 1.000000
0.999992 0.003990 -0.000335 811.119177 -0.000920 0.147394 -0.989077 203.407453 -0.003897 0.989070 0.147397 1353.170211 0.000000 0.000000 0.000000 1.000000
0.999942 0.010705 0.000710 812.706267 -0.000723 0.133303 -0.991075 180.835512 -0.010704 0.991018 0.133303 1345.356821 0.000000 0.000000 0.000000 1.000000
0.999832 0.018355 -0.000241 830.475162 -0.002577 0.127356 -0.991854 172.318609 -0.018175 0.991687 0.127382 1325.210962 0.000000 0.000000 0.000000 1.000000
0.999256 0.038557 -0.000079 856.865950 -0.005282 0.134859 -0.990851 178.106026 -0.038194 0.990114 0.134963 1296.302771 0.000000 0.000000 0.000000 1.000000
0.998760 0.049783 -0.000144 871.280296 -0.006626 0.130047 -0.991486 169.653601 -0.049341 0.990257 0.130216 1276.314511 0.000000 0.000000 0.000000 1.000000
0.998795 0.049086 0.000028 869.863247 -0.006591 0.134677 -0.990868 173.809680 -0.048641 0.989673 0.134838 1265.839871 0.000000 0.000000 0.000000 1.000000
0.999294 0.037568 0.000352 853.855093 -0.004723 0.134932 -0.990844 173.659097 -0.037271 0.990142 0.135014 1266.942083 0.000000 0.000000 0.000000 1.000000
0.999817 0.019114 -0.000144 832.192047 -0.002615 0.129345 -0.991596 168.403550 -0.018935 0.991415 0.129372 1272.196260 0.000000 0.000000 0.000000 1.000000
0.999968 0.007974 0.000580 812.319125 -0.000483 0.132670 -0.991160 171.614981 -0.007981 0.991128 0.132670 1275.798260 0.000000 0.000000 0.000000 1.000000
0.999748 -0.022325 0.002136 748.474921 0.004981 0.128163 -0.991741 164.533311 0.021867 0.991502 0.128242 1306.608320 0.000000 0.000000 0.000000 1.000000
0.990275 -0.139123 0.000165 623.198084 0.017935 0.126486 -0.991806 177.228821 0.137962 0.982164 0.127751 1362.057362 0.000000 0.000000 0.000000 1.000000
0.982294 -0.187344 0.001076 538.915992 0.027595 0.139004 -0.989907 196.993609 0.185304 0.972409 0.141713 1389.025016 0.000000 0.000000 0.000000 1.000000
0.976603 -0.215051 0.000159 515.790747 0.033389 0.150897 -0.987985 214.702880 0.212443 0.964875 0.154547 1392.430416 0.000000 0.000000 0.000000 1.000000
0.969365 -0.245623 0.000260 470.292407 0.038553 0.151109 -0.987765 222.135154 0.242578 0.957515 0.155949 1402.524117 0.000000 0.000000 0.000000 1.000000
0.960033 -0.279888 -0.000109 419.666504 0.047996 0.165011 -0.985123 248.394975 0.275742 0.945745 0.171849 1406.729687 0.000000 0.000000 0.000000 1.000000
0.961423 -0.275068 0.002002 405.486931 0.049583 0.166135 -0.984856 235.163779 0.270570 0.946962 0.173364 1405.621969 0.000000 0.000000 0.000000 1.000000
0.966090 -0.258204 0.000036 451.927548 0.042632 0.159374 -0.986297 232.687842 0.254660 0.952854 0.164977 1383.380874 0.000000 0.000000 0.000000 1.000000
0.975212 -0.221272 -0.000256 504.058910 0.035806 0.158951 -0.986637 226.661498 0.218356 0.962171 0.162934 1357.034084 0.000000 0.000000 0.000000 1.000000
0.988416 -0.151769 0.000471 586.282967 0.024627 0.157317 -0.987241 212.311835 0.149759 0.975816 0.159232 1316.353252 0.000000 0.000000 0.000000 1.000000
0.994908 -0.100789 -0.000103 661.989041 0.015612 0.155112 -0.987774 202.619910 0.099573 0.982742 0.155895 1272.386379 0.000000 0.000000 0.000000 1.000000
0.998103 -0.061568 -0.000591 715.030589 0.009081 0.156707 -0.987603 199.674595 0.060897 0.985724 0.156969 1233.441352 0.000000 0.000000 0.000000 1.000000
0.998990 -0.044924 -0.000498 734.411676 0.006609 0.157914 -0.987431 197.291447 0.044438 0.986430 0.158051 1212.869171 0.000000 0.000000 0.000000 1.000000
0.999700 -0.024472 -0.000451 758.619802 0.003307 0.153300 -0.988174 187.523019 0.024252 0.987877 0.153335 1189.095732 0.000000 0.000000 0.000000 1.000000
0.999954 0.009611 -0.000268 799.804365 -0.001764 0.155915 -0.987769 184.171713 -0.009451 0.987724 0.155925 1151.707631 0.000000 0.000000 0.000000 1.000000
0.999397 0.034723 -0.000285 826.723527 -0.005640 0.154221 -0.988020 177.687983 -0.034263 0.987426 0.154324 1123.787733 0.000000 0.000000 0.000000 1.000000
0.999304 0.037296 -0.000198 828.359631 -0.005904 0.152936 -0.988218 173.847399 -0.036826 0.987532 0.153050 1112.769734 0.000000 0.000000 0.000000 1.000000
0.998941 0.045999 -0.000267 838.037784 -0.006714 0.140055 -0.990121 157.652260 -0.045507 0.989075 0.140216 1097.490462 0.000000 0.000000 0.000000 1.000000
0.998418 0.056227 0.000216 848.181791 -0.007146 0.130701 -0.991396 144.048306 -0.055772 0.989826 0.130896 1081.146623 0.000000 0.000000 0.000000 1.000000
0.998177 0.060351 0.000484 853.170586 -0.006547 0.116256 -0.993198 125.698356 -0.059997 0.991384 0.116440 1067.097544 0.000000 0.000000 0.000000 1.000000
0.998439 0.055854 0.000269 848.464002 -0.006127 0.114321 -0.993425 123.112889 -0.055517 0.991873 0.114485 1060.417163 0.000000 0.000000 0.000000 1.000000
0.998291 0.058445 -0.000253 852.484434 -0.006598 0.108395 -0.994086 116.633472 -0.058072 0.992388 0.108596 1047.262091 0.000000 0.000000 0.000000 1.000000
0.996621 0.082136 -0.000229 875.198916 -0.008738 0.103252 -0.994617 108.283269 -0.081670 0.991258 0.103621 1018.172593 0.000000 0.000000 0.000000 1.000000
0.991398 0.130884 -0.000071 922.776314 -0.012835 0.096683 -0.995233 97.133230 -0.130253 0.986672 0.097531 965.258434 0.000000 0.000000 0.000000 1.000000
0.979184 0.202972 -0.000254 991.160690 -0.020748 0.098848 -0.994886 92.747668 -0.201909 0.974182 0.101002 884.178561 0.000000 0.000000 0.000000 1.000000
0.972755 0.231834 0.000100 1015.743181 -0.024657 0.103886 -0.994283 93.535777 -0.230519 0.967192 0.106772 844.289444 0.000000 0.000000 0.000000 1.000000
0.971780 0.235890 0.000359 1018.641521 -0.026089 0.108987 -0.993701 96.421239 -0.234444 0.965649 0.112065 829.470469 0.000000 0.000000 0.000000 1.000000
0.972068 0.234701 -0.000026 1017.172899 -0.028011 0.115906 -0.992865 102.358109 -0.233023 0.965133 0.119242 819.865711 0.000000 0.000000 0.000000 1.000000
0.977403 0.211384 0.000832 990.203107 -0.024602 0.117666 -0.992748 105.201667 -0.209949 0.970295 0.120207 841.578887 0.000000 0.000000 0.000000 1.000000
0.987181 0.159605 0.000635 938.005584 -0.022712 0.144411 -0.989257 134.937333 -0.157982 0.976561 0.146185 885.946068 0.000000 0.000000 0.000000 1.000000
0.995831 0.091218 0.000265 884.923754 -0.012245 0.136561 -0.990556 133.061415 -0.090393 0.986423 0.137109 929.397376 0.000000 0.000000 0.000000 1.000000
0.998300 0.058284 0.000057 853.895629 -0.007778 0.134193 -0.990925 133.372932 -0.057763 0.989240 0.134418 947.748858 0.000000 0.000000 0.000000 1.000000
0.998358 0.057282 -0.000152 853.981640 -0.007811 0.133507 -0.991017 131.654592 -0.056747 0.989391 0.133735 936.862187 0.000000 0.000000 0.000000 1.000000
0.998382 0.056860 -0.000052 854.668885 -0.007761 0.135364 -0.990765 132.061398 -0.056328 0.989163 0.135587 926.239609 0.000000 0.000000 0.000000 1.000000
0.998593 0.053027 0.001087 841.920704 -0.006435 0.141480 -0.989920 136.274113 -0.052646 0.988520 0.141622 925.946002 0.000000 0.000000 0.000000 1.000000
0.999826 0.018663 -0.000285 816.047481 -0.002787 0.134199 -0.990950 132.609813 -0.018456 0.990779 0.134228 938.692773 0.000000 0.000000 0.000000 1.000000
0.999730 -0.023215 0.000152 772.742381 0.003160 0.129600 -0.991561 130.675680 0.023000 0.991295 0.129639 964.094236 0.000000 0.000000 0.000000 1.000000
0.996573 -0.082722 -0.000163 716.772827 0.010731 0.131230 -0.991294 137.644212 0.082024 0.987895 0.131668 995.093432 0.000000 0.000000 0.000000 1.000000
0.988416 -0.151767 -0.000436 649.472817 0.019961 0.132849 -0.990935 145.615044 0.150450 0.979448 0.134340 1029.251703 0.000000 0.000000 0.000000 1.000000
0.976190 -0.216917 0.000951 570.990617 0.029686 0.129250 -0.991168 144.745160 0.214878 0.967596 0.132612 1064.304232 0.000000 0.000000 0.000000 1.000000
0.961082 -0.276256 0.002146 493.399913 0.039892 0.131087 -0.990568 147.247913 0.273369 0.952102 0.137006 1090.911371 0.000000 0.000000 0.000000 1.000000
0.928259 -0.371935 -0.000089 402.176704 0.048049 0.120155 -0.991592 151.104168 0.368818 0.920449 0.129406 1115.768985 0.000000 0.000000 0.000000 1.000000
0.897586 -0.440838 -0.000098 317.502192 0.057983 0.118279 -0.991286 156.485017 0.437009 0.889759 0.131727 1131.253367 0.000000 0.000000 0.000000 1.000000
0.855199 -0.518299 0.000179 214.422228 0.075145 0.123649 -0.989477 170.129071 0.512823 0.846213 0.144692 1141.765030 0.000000 0.000000 0.000000 1.000000
0.811424 -0.584458 -0.000078 125.765741 0.082979 0.115335 -0.989855 170.239327 0.578537 0.803186 0.142083 1143.990612 0.000000 0.000000 0.000000 1.000000
0.768437 -0.639925 -0.000155 45.480205 0.095278 0.114652 -0.988826 172.656977 0.632792 0.759836 0.149074 1139.415816 0.000000 0.000000 0.000000 1.000000
0.719076 -0.694931 -0.000047 -37.373123 0.097591 0.101050 -0.990083 166.521689 0.688045 0.711941 0.140482 1131.014534 0.000000 0.000000 0.000000 1.000000
0.665122 -0.746735 -0.000116 -121.340771 0.106861 0.095336 -0.989693 167.157872 0.739049 0.658254 0.143206 1116.035234 0.000000 0.000000 0.000000 1.000000
0.609591 -0.792716 -0.000290 -199.579851 0.116076 0.089624 -0.989189 166.248656 0.784171 0.602967 0.146649 1094.743637 0.000000 0.000000 0.000000 1.000000
0.556526 -0.830830 -0.000313 -269.879033 0.120591 0.081150 -0.989380 162.110991 0.822032 0.550578 0.145353 1070.367975 0.000000 0.000000 0.000000 1.000000
0.503693 -0.863883 -0.000599 -334.167849 0.127035 0.074755 -0.989077 159.663982 0.854491 0.498115 0.147396 1043.339769 0.000000 0.000000 0.000000 1.000000
0.372772 -0.927867 -0.010176 -417.647297 0.164125 0.076723 -0.983451 155.336326 0.913293 0.364933 0.180886 1002.719327 0.000000 0.000000 0.000000 1.000000
0.355031 -0.934854 -0.001031 -493.665828 0.143752 0.055683 -0.988046 153.803626 0.923736 0.350639 0.154156 957.958128 0.000000 0.000000 0.000000 1.000000
0.304790 -0.952419 -0.000714 -546.966667 0.142031 0.046194 -0.988784 144.317990 0.941770 0.301270 0.149352 919.222038 0.000000 0.000000 0.000000 1.000000
0.265543 -0.964098 -0.001119 -582.713149 0.154265 0.043636 -0.987065 149.128102 0.951677 0.261935 0.160314 885.571994 0.000000 0.000000 0.000000 1.000000
0.128534 -0.991676 -0.007599 -633.209429 0.167295 0.029235 -0.985473 138.085771 0.977492 0.125396 0.169660 841.566131 0.000000 0.000000 0.000000 1.000000
-0.289513 -0.957130 0.009148 -703.882721 0.092357 -0.037446 -0.995022 128.035856 0.952708 -0.287227 0.099239 773.850050 0.000000 0.000000 0.000000 1.000000
0.036946 -0.999316 -0.001497 -762.661728 0.169193 0.007731 -0.985553 127.470942 0.984890 0.036159 0.169363 706.123400 0.000000 0.000000 0.000000 1.000000
-0.011824 -0.999929 -0.001630 -789.680030 0.177921 -0.000499 -0.984045 127.112402 0.983974 -0.011925 0.177914 667.471136 0.000000 0.000000 0.000000 1.000000
-0.012557 -0.999920 -0.001249 -795.275199 0.178768 -0.001016 -0.983891 125.676365 0.983811 -0.012578 0.178767 655.842726 0.000000 0.000000 0.000000 1.000000
-0.004067 -0.999992 -0.000433 -796.151930 0.183115 -0.000319 -0.983091 128.467629 0.983083 -0.004078 0.183115 651.939202 0.000000 0.000000 0.000000 1.000000
-0.003803 -0.999993 -0.000472 -794.123342 0.178300 -0.000214 -0.983976 125.459872 0.983969 -0.003826 0.178300 651.892508 0.000000 0.000000 0.000000 1.000000
-0.023557 -0.999721 -0.001927 -794.102130 0.186381 -0.002498 -0.982474 128.333513 0.982195 -0.023504 0.186388 645.190302 0.000000 0.000000 0.000000 1.000000
-0.055388 -0.998463 -0.001697 -805.914830 0.169769 -0.007743 -0.985453 116.231758 0.983926 -0.054871 0.169937 623.821540 0.000000 0.000000 0.000000 1.000000
-0.026549 -0.999648 -0.000051 -809.676237 0.169433 -0.004449 -0.985532 112.314452 0.985184 -0.026173 0.169491 610.413514 0.000000 0.000000 0.000000 1.000000
-0.035290 -0.999377 -0.000639 -810.463568 0.170865 -0.005404 -0.985280 111.240968 0.984662 -0.034880 0.170950 599.912182 0.000000 0.000000 0.000000 1.000000
-0.008133 -0.999967 -0.000315 -800.232654 0.179908 -0.001154 -0.983683 117.379316 0.983650 -0.008057 0.179912 603.001546 0.000000 0.000000 0.000000 1.000000
-0.002126 -0.999998 -0.000392 -795.318496 0.178737 0.000006 -0.983897 115.830395 0.983895 -0.002162 0.178736 599.883520 0.000000 0.000000 0.000000 1.000000
0.026653 -0.999645 0.000154 -778.190001 0.177438 0.004579 -0.984121 117.140255 0.983771 0.026258 0.177497 612.036651 0.000000 0.000000 0.000000 1.000000
0.105569 -0.994412 -0.000423 -723.478615 0.167518 0.018204 -0.985701 119.601701 0.980200 0.103989 0.168503 665.472347 0.000000 0.000000 0.000000 1.000000
0.159585 -0.987183 -0.001659 -671.297078 0.163521 0.028091 -0.986140 123.496449 0.973547 0.157102 0.165908 707.084732 0.000000 0.000000 0.000000 1.000000
0.256817 -0.966460 -0.000051 -613.349187 0.158065 0.042055 -0.986533 129.643700 0.953447 0.253350 0.163564 746.114735 0.000000 0.000000 0.000000 1.000000
0.344760 -0.938691 0.000164 -545.203656 0.148434 0.054344 -0.987428 131.896138 0.926881 0.340450 0.158069 786.633028 0.000000 0.000000 0.000000 1.000000
0.425556 -0.904932 -0.000010 -475.917474 0.141075 0.066353 -0.987773 134.663041 0.893868 0.420351 0.155900 818.808524 0.000000 0.000000 0.000000 1.000000
0.511292 -0.859407 -0.000291 -394.505822 0.137629 0.082214 -0.987066 142.763428 0.848315 0.504639 0.160315 848.493910 0.000000 0.000000 0.000000 1.000000
0.584323 -0.811521 -0.000174 -318.946352 0.127121 0.091743 -0.987635 142.553588 0.801503 0.577076 0.156769 868.397054 0.000000 0.000000 0.000000 1.000000
0.647444 -0.762113 0.000235 -248.243362 0.111912 0.094769 -0.989189 136.229247 0.753852 0.640470 0.146647 881.364720 0.000000 0.000000 0.000000 1.000000
0.713302 -0.700857 -0.000285 -167.863545 0.100691 0.102882 -0.989584 132.746245 0.693586 0.705843 0.143956 889.013877 0.000000 0.000000 0.000000 1.000000
0.794402 -0.607393 -0.000099 -57.291191 0.089084 0.116673 -0.989167 135.725082 0.600824 0.785787 0.146794 890.893626 0.000000 0.000000 0.000000 1.000000
0.847785 -0.530341 0.000034 26.429140 0.077974 0.124582 -0.989141 135.594037 0.524577 0.838581 0.146972 881.254344 0.000000 0.000000 0.000000 1.000000
0.850312 -0.526279 0.000012 30.402875 0.079928 0.129118 -0.988403 137.730490 0.520175 0.840451 0.151855 869.211721 0.000000 0.000000 0.000000 1.000000
0.810039 -0.586376 -0.000004 -32.527986 0.093662 0.129394 -0.987160 142.498653 0.578847 0.799638 0.159735 856.988844 0.000000 0.000000 0.000000 1.000000
0.751524 -0.659703 -0.001943 -102.327046 0.106086 0.123758 -0.986625 139.419866 0.651120 0.741267 0.162992 840.806963 0.000000 0.000000 0.000000 1.000000
0.708553 -0.705658 -0.000011 -164.497629 0.108244 0.108704 -0.988163 130.836392 0.697306 0.700165 0.153405 821.571877 0.000000 0.000000 0.000000 1.000000
0.652506 -0.757783 0.000049 -226.227640 0.115604 0.099480 -0.988301 126.102718 0.748913 0.644878 0.152514 796.798011 0.000000 0.000000 0.000000 1.000000
0.578402 -0.815752 0.000080 -299.750413 0.133480 0.094547 -0.986531 129.093335 0.804757 0.570623 0.163573 759.340298 0.000000 0.000000 0.000000 1.000000
0.493618 -0.869679 -0.000096 -372.596457 0.136599 0.077640 -0.987579 116.434690 0.858884 0.487473 0.157122 716.331041 0.000000 0.000000 0.000000 1.000000
0.414472 -0.910062 -0.000382 -433.618026 0.147474 0.067579 -0.986755 112.029914 0.898034 0.408925 0.162220 669.080438 0.000000 0.000000 0.000000 1.000000
0.348371 -0.937357 0.000039 -480.620317 0.150484 0.055886 -0.987032 103.568754 0.925199 0.343859 0.160526 625.361818 0.000000 0.000000 0.000000 1.000000
0.248750 -0.968568 -0.000167 -540.732494 0.161911 0.041753 -0.985922 96.750889 0.954939 0.245221 0.167208 562.270817 0.000000 0.000000 0.000000 1.000000
0.131130 -0.991365 0.000139 -604.328599 0.157655 0.020714 -0.987277 79.031390 0.978749 0.129483 0.159010 483.029467 0.000000 0.000000 0.000000 1.000000
0.013649 -0.999907 -0.000467 -652.198665 0.158443 0.002624 -0.987365 65.570922 0.987274 0.013403 0.158464 404.652930 0.000000 0.000000 0.000000 1.000000
-0.065265 -0.997868 0.000062 -683.903623 0.157176 -0.010341 -0.987516 54.217806 0.985412 -0.064441 0.157516 336.181301 0.000000 0.000000 0.000000 1.000000
-0.141783 -0.989898 -0.000212 -706.477381 0.148095 -0.021000 -0.988750 41.100897 0.978757 -0.140219 0.149577 271.830164 0.000000 0.000000 0.000000 1.000000
-0.183036 -0.983106 0.000186 -716.687382 0.143404 -0.026886 -0.989299 33.646786 0.972591 -0.181051 0.145903 230.428784 0.000000 0.000000 0.000000 1.000000
-0.073483 -0.997296 0.000523 -686.347401 0.126627 -0.009850 -0.991901 38.109478 0.989225 -0.072822 0.127008 299.948569 0.000000 0.000000 0.000000 1.000000
0.371246 -0.928535 -0.000168 -489.383068 0.088261 0.035468 -0.995466 52.729953 0.924330 0.369548 0.095121 561.683965 0.000000 0.000000 0.000000 1.000000
0.755705 -0.654912 -0.000080 -183.130067 0.065042 0.075173 -0.995047 70.801585 0.651675 0.751957 0.099406 716.478169 0.000000 0.000000 0.000000 1.000000
0.901731 -0.432299 -0.000114 8.893042 0.050389 0.105367 -0.993156 83.549695 0.429352 0.895553 0.116796 732.338973 0.000000 0.000000 0.000000 1.000000
0.956607 -0.291383 0.000074 117.759550 0.035075 0.114896 -0.992758 85.087064 0.289264 0.949681 0.120131 715.565195 0.000000 0.000000 0.000000 1.000000
0.973130 -0.230198 0.005195 133.517928 0.036493 0.131913 -0.990589 88.884968 0.227347 0.964162 0.136769 704.979802 0.000000 0.000000 0.000000 1.000000
0.959232 -0.282620 -0.000063 122.372825 0.035701 0.121396 -0.991962 88.620063 0.280356 0.951519 0.126537 699.296780 0.000000 0.000000 0.000000 1.000000
0.958946 -0.283588 -0.000265 121.756107 0.034756 0.118453 -0.992351 85.975585 0.281451 0.951602 0.123447 692.290602 0.000000 0.000000 0.000000 1.000000
0.956202 -0.292706 -0.000189 115.391556 0.036492 0.119852 -0.992121 85.964614 0.290423 0.948662 0.125284 683.133142 0.000000 0.000000 0.000000 1.000000
0.957154 -0.289578 0.000329 114.426729 0.037776 0.123737 -0.991596 84.103732 0.287103 0.949123 0.129374 672.638218 0.000000 0.000000 0.000000 1.000000
0.945668 -0.325134 -0.000034 91.507754 0.040856 0.118938 -0.992061 82.695276 0.322556 0.938159 0.125759 664.510768 0.000000 0.000000 0.000000 1.000000
0.913243 -0.407416 -0.000008 33.998655 0.052486 0.117667 -0.991665 83.163677 0.404021 0.905630 0.128842 659.059694 0.000000 0.000000 0.000000 1.000000
0.886015 -0.463656 -0.000043 -6.373591 0.059683 0.114142 -0.991670 80.789201 0.459799 0.878632 0.128803 648.047318 0.000000 0.000000 0.000000 1.000000
0.861662 -0.507482 0.000259 -39.352176 0.069661 0.117773 -0.990594 85.245846 0.502679 0.853576 0.136832 633.657161 0.000000 0.000000 0.000000 1.000000
0.853221 -0.521550 0.000080 -48.574247 0.069293 0.113208 -0.991152 80.705304 0.516926 0.845677 0.132731 621.562951 0.000000 0.000000 0.000000 1.000000
0.859888 -0.510483 0.000023 -39.970638 0.065885 0.110936 -0.991641 76.168133 0.506214 0.852702 0.129026 610.327960 0.000000 0.000000 0.000000 1.000000
0.862306 -0.506387 0.000044 -37.203454 0.062540 0.106411 -0.992353 71.149733 0.502510 0.855715 0.123428 598.924359 0.000000 0.000000 0.000000 1.000000
0.861095 -0.508445 -0.000143 -38.501982 0.058018 0.098537 -0.993441 62.892077 0.505124 0.855438 0.114349 587.166467 0.000000 0.000000 0.000000 1.000000
0.859741 -0.510730 0.000042 -40.142482 0.054894 0.092324 -0.994215 58.594061 0.507772 0.854770 0.107411 574.705349 0.000000 0.000000 0.000000 1.000000
0.855940 -0.517074 -0.000047 -43.963122 0.051323 0.085048 -0.995054 52.325770 0.514521 0.851705 0.099333 561.940483 0.000000 0.000000 0.000000 1.000000
0.851205 -0.524834 0.000073 -49.043763 0.052728 0.085379 -0.994952 52.135200 0.522178 0.846912 0.100348 547.678195 0.000000 0.000000 0.000000 1.000000
0.845976 -0.533221 0.000041 -53.921769 0.052850 0.083773 -0.995082 50.269943 0.530596 0.841818 0.099051 534.477680 0.000000 0.000000 0.000000 1.000000
0.851999 -0.523544 0.000015 -47.452681 0.052755 0.085824 -0.994913 50.185322 0.520879 0.847665 0.100741 522.232780 0.000000 0.000000 0.000000 1.000000
0.855642 -0.517568 -0.000019 -43.812510 0.051317 0.084873 -0.995069 48.424799 0.515018 0.851422 0.099181 510.956145 0.000000 0.000000 0.000000 1.000000
0.856784 -0.515675 0.000037 -42.282464 0.055890 0.092789 -0.994116 52.137780 0.512638 0.851745 0.108321 498.554305 0.000000 0.000000 0.000000 1.000000
0.858326 -0.513105 -0.000039 -40.601322 0.054135 0.090633 -0.994412 49.296837 0.510241 0.853527 0.105570 488.249807 0.000000 0.000000 0.000000 1.000000
0.860048 -0.510213 -0.000007 -39.133359 0.058838 0.099194 -0.993327 53.730178 0.506809 0.854309 0.115332 476.371429 0.000000 0.000000 0.000000 1.000000
0.865590 -0.500753 -0.000037 -33.781855 0.064166 0.110990 -0.991748 58.696665 0.496625 0.858445 0.128204 464.750802 0.000000 0.000000 0.000000 1.000000
0.873032 -0.487663 -0.000156 -26.334233 0.059084 0.106092 -0.992599 53.541800 0.484071 0.866562 0.121435 453.568008 0.000000 0.000000 0.000000 1.000000
0.904238 -0.427029 -0.000040 3.103486 0.047322 0.100298 -0.993831 48.523239 0.424399 0.898658 0.110901 442.157561 0.000000 0.000000 0.000000 1.000000
0.940847 -0.338833 -0.000018 44.423329 0.037164 0.103248 -0.993961 46.709903 0.336788 0.935164 0.109733 427.950732 0.000000 0.000000 0.000000 1.000000
0.960618 -0.277873 0.000006 71.019082 0.031589 0.109183 -0.993520 46.547376 0.276072 0.954393 0.113661 411.971391 0.000000 0.000000 0.000000 1.000000
0.979192 -0.202937 0.000027 101.706881 0.025313 0.122006 -0.992206 48.710008 0.201353 0.971561 0.124604 392.753664 0.000000 0.000000 0.000000 1.000000
0.994411 -0.105579 0.000029 138.692594 0.014806 0.139178 -0.990157 51.486001 0.104535 0.984623 0.139964 368.651937 0.000000 0.000000 0.000000 1.000000
0.999811 -0.019442 0.000202 168.352687 0.003130 0.150686 -0.988577 51.673587 0.019190 0.988391 0.150718 343.927556 0.000000 0.000000 0.000000 1.000000
0.998728 0.050417 0.000091 190.908660 -0.007599 0.152328 -0.988301 48.018234 -0.049841 0.987043 0.152517 319.212703 0.000000 0.000000 0.000000 1.000000
0.991461 0.130402 0.000017 214.725242 -0.019891 0.151360 -0.988279 43.364239 -0.128876 0.979840 0.152661 290.465489 0.000000 0.000000 0.000000 1.000000
0.979108 0.203340 -0.000325 234.656153 -0.031393 0.149585 -0.988250 38.548046 -0.200902 0.967614 0.152843 260.546721 0.000000 0.000000 0.000000 1.000000
0.973305 0.229510 0.001688 237.865063 -0.035155 0.156342 -0.987077 35.869663 -0.226808 0.960668 0.160237 244.876892 0.000000 0.000000 0.000000 1.000000
0.975508 0.219961 0.000948 236.112088 -0.034666 0.157998 -0.986831 35.640768 -0.217214 0.962629 0.161754 234.871447 0.000000 0.000000 0.000000 1.000000
0.978799 0.204823 -0.000200 233.836363 -0.032225 0.153031 -0.987696 32.337137 -0.202272 0.966762 0.156387 225.359314 0.000000 0.000000 0.000000 1.000000
0.978502 0.206237 0.000082 233.337821 -0.032850 0.156252 -0.987171 31.029600 -0.203603 0.965946 0.159668 214.377286 0.000000 0.000000 0.000000 1.000000
0.975948 0.218003 -0.000108 235.622351 -0.035908 0.160263 -0.986421 29.500698 -0.215025 0.962700 0.164237 201.109380 0.000000 0.000000 0.000000 1.000000
0.975633 0.219410 0.000057 235.383557 -0.032856 0.146356 -0.988686 24.324062 -0.216936 0.964593 0.149998 190.833960 0.000000 0.000000 0.000000 1.000000
0.985145 0.171726 -0.000001 225.849085 -0.025066 0.143791 -0.989291 23.288106 -0.169887 0.974594 0.145960 191.168584 0.000000 0.000000 0.000000 1.000000
0.996360 0.085244 -0.000011 208.781108 -0.011611 0.135588 -0.990697 22.494433 -0.084450 0.987091 0.136085 199.495511 0.000000 0.000000 0.000000 1.000000
0.999940 -0.010931 0.000011 189.359485 0.001497 0.135953 -0.990714 23.572250 0.010828 0.990655 0.135961 207.567792 0.000000 0.000000 0.000000 1.000000
0.998013 -0.063010 0.000001 178.475767 0.008313 0.131652 -0.991261 22.517283 0.062459 0.989291 0.131915 206.080494 0.000000 0.000000 0.000000 1.000000
0.993816 -0.111041 0.000027 168.098719 0.014282 0.127578 -0.991726 21.602982 0.110119 0.985593 0.128375 205.033028 0.000000 0.000000 0.000000 1.000000
0.989355 -0.145524 0.000267 161.295108 0.017451 0.116817 -0.993000 18.996909 0.144474 0.982434 0.118113 201.496457 0.000000 0.000000 0.000000 1.000000
0.986764 -0.162160 0.000023 158.190230 0.017680 0.107443 -0.994054 16.769653 0.161193 0.980898 0.108888 195.096222 0.000000 0.000000 0.000000 1.000000
0.988110 -0.153750 0.000008 159.598178 0.015177 0.097490 -0.995121 13.880721 0.152999 0.983289 0.098664 183.168822 0.000000 0.000000 0.000000 1.000000
0.987015 -0.160627 0.000084 158.192461 0.014823 0.090568 -0.995780 12.462337 0.159941 0.982851 0.091773 175.176886 0.000000 0.000000 0.000000 1.000000
0.987580 -0.157117 -0.000039 158.493978 0.014884 0.093801 -0.995480 12.531847 0.156410 0.983115 0.094974 166.599144 0.000000 0.000000 0.000000 1.000000
0.988323 -0.152376 -0.000067 159.155759 0.016127 0.105038 -0.994337 13.969067 0.151520 0.982725 0.106269 159.211404 0.000000 0.000000 0.000000 1.000000
0.988217 -0.153061 -0.000186 158.884720 0.016647 0.108688 -0.993937 14.068366 0.152153 0.982222 0.109955 154.513045 0.000000 0.000000 0.000000 1.000000
0.988970 -0.148118 -0.000069 159.474807 0.016460 0.110364 -0.993755 14.225891 0.147201 0.982792 0.111584 151.195329 0.000000 0.000000 0.000000 1.000000
0.989289 -0.145969 -0.000042 159.722753 0.016806 0.114188 -0.993317 14.243656 0.144998 0.982677 0.115418 146.369861 0.000000 0.000000 0.000000 1.000000
0.989733 -0.142930 -0.000079 160.172775 0.017270 0.120141 -0.992607 14.708537 0.141882 0.982414 0.121375 140.252150 0.000000 0.000000 0.000000 1.000000
0.990227 -0.139464 -0.000099 160.419620 0.017706 0.126421 -0.991819 14.931000 0.138336 0.982124 0.127655 132.626693 0.000000 0.000000 0.000000 1.000000
0.989810 -0.142396 -0.000070 159.838682 0.018572 0.129581 -0.991395 14.668391 0.141179 0.981291 0.130905 125.252551 0.000000 0.000000 0.000000 1.000000
0.988234 -0.152949 -0.000150 158.572000 0.021420 0.139371 -0.990009 15.166680 0.151442 0.978357 0.141008 119.333801 0.000000 0.000000 0.000000 1.000000
0.989217 -0.146455 0.000124 159.054042 0.021818 0.146530 -0.988966 14.653034 0.144821 0.978305 0.148146 110.247247 0.000000 0.000000 0.000000 1.000000
0.989490 -0.144600 0.000049 159.363994 0.020409 0.139319 -0.990037 12.626204 0.143152 0.979633 0.140806 101.795617 0.000000 0.000000 0.000000 1.000000
0.989654 -0.143471 -0.000032 159.294420 0.022216 0.153460 -0.987905 12.774550 0.141741 0.977684 0.155060 93.152034 0.000000 0.000000 0.000000 1.000000
0.986218 -0.165450 0.000108 156.894418 0.028737 0.170653 -0.984912 13.774488 0.162936 0.971341 0.173056 89.098472 0.000000 0.000000 0.000000 1.000000
0.975192 -0.221363 -0.000320 152.061360 0.042202 0.187337 -0.981389 15.766873 0.217303 0.957028 0.192032 90.015900 0.000000 0.000000 0.000000 1.000000
0.952639 -0.304104 0.000003 144.471802 0.059664 0.186893 -0.980567 17.287308 0.298194 0.934126 0.196185 95.763013 0.000000 0.000000 0.000000 1.000000
0.925498 -0.378752 0.000369 137.322715 0.068918 0.167445 -0.983470 16.228226 0.372429 0.910225 0.181073 99.842945 0.000000 0.000000 0.000000 1.000000
0.877785 -0.479056 0.000003 126.842281 0.080991 0.148395 -0.985606 15.873383 0.472160 0.865150 0.169058 106.924581 0.000000 0.000000 0.000000 1.000000
0.825766 -0.564013 0.000036 116.874082 0.101592 0.148677 -0.983654 17.549359 0.554788 0.812271 0.180071 111.106629 0.000000 0.000000 0.000000 1.000000
0.788069 -0.615587 0.000018 110.582442 0.111623 0.142870 -0.983427 17.338962 0.605383 0.775010 0.181305 110.833433 0.000000 0.000000 0.000000 1.000000
0.772508 -0.635004 0.000128 108.160102 0.109944 0.133553 -0.984924 15.675478 0.625414 0.760876 0.172986 107.090797 0.000000 0.000000 0.000000 1.000000
0.766525 -0.642214 -0.000002 107.574365 0.103570 0.123620 -0.986910 12.986738 0.633808 0.756491 0.161272 100.409342 0.000000 0.000000 0.000000 1.000000
0.760095 -0.649812 0.000018 106.848314 0.101602 0.118818 -0.987704 11.429721 0.641820 0.750750 0.156335 93.604439 0.000000 0.000000 0.000000 1.000000
0.725729 -0.687981 0.000056 102.429664 0.098888 0.104233 -0.989624 9.510440 0.680837 0.718205 0.143678 91.012678 0.000000 0.000000 0.000000 1.000000
0.605626 -0.795750 0.000228 87.720399 0.107151 0.081265 -0.990916 9.894245 0.788503 0.600149 0.134482 99.479752 0.000000 0.000000 0.000000 1.000000
0.467600 -0.883940 0.000057 72.769727 0.117793 0.062248 -0.991085 10.834122 0.876056 0.463439 0.133229 105.833211 0.000000 0.000000 0.000000 1.000000
0.299518 -0.954091 -0.000004 54.532377 0.112417 0.035295 -0.993034 9.845886 0.947445 0.297431 0.117827 111.705806 0.000000 0.000000 0.000000 1.000000
0.151736 -0.988421 -0.000045 39.196816 0.109026 0.016783 -0.993897 9.505792 0.982390 0.150805 0.110310 113.371367 0.000000 0.000000 0.000000 1.000000
-0.018512 -0.999829 0.000013 21.641988 0.117899 -0.002195 -0.993023 10.364000 0.992853 -0.018381 0.117919 113.005956 0.000000 0.000000 0.000000 1.000000
-0.160782 -0.986990 0.000001 7.351655 0.115897 -0.018880 -0.993082 10.213909 0.980162 -0.159669 0.117425 109.704397 0.000000 0.000000 0.000000 1.000000
-0.274879 -0.961479 -0.000057 -3.626383 0.116061 -0.033122 -0.992690 10.125447 0.954448 -0.272876 0.120695 103.868331 0.000000 0.000000 0.000000 1.000000
-0.326300 -0.945266 -0.000027 -7.877097 0.114369 -0.039451 -0.992655 9.732218 0.938322 -0.323906 0.120982 97.588159 0.000000 0.000000 0.000000 1.000000
-0.368065 -0.929800 -0.000017 -11.248143 0.108433 -0.042905 -0.993177 8.798676 0.923456 -0.365556 0.116613 90.628539 0.000000 0.000000 0.000000 1.000000
-0.385410 -0.922746 0.000236 -12.015823 0.120443 -0.050560 -0.991432 9.631715 0.914851 -0.382079 0.130625 83.986571 0.000000 0.000000 0.000000 1.000000
-0.374680 -0.927154 -0.000011 -10.737957 0.129812 -0.052448 -0.990150 9.752857 0.918022 -0.370991 0.140007 77.693184 0.000000 0.000000 0.000000 1.000000
-0.364125 -0.931350 -0.000025 -9.421785 0.149587 -0.058457 -0.987019 10.689374 0.919259 -0.359402 0.160603 71.447220 0.000000 0.000000 0.000000 1.000000
-0.352356 -0.935866 0.000004 -8.147108 0.158277 -0.059596 -0.985595 10.652319 0.922385 -0.347280 0.169125 65.651630 0.000000 0.000000 0.000000 1.000000
-0.343630 -0.939105 -0.000011 -7.220002 0.169595 -0.062046 -0.983559 10.659251 0.923664 -0.337982 0.180589 59.739213 0.000000 0.000000 0.000000 1.000000
-0.338964 -0.940799 -0.000016 -6.707890 0.168198 -0.060584 -0.983890 9.442389 0.925642 -0.333506 0.178776 53.686794 0.000000 0.000000 0.000000 1.000000
-0.343082 -0.939305 -0.000005 -6.724215 0.165184 -0.060328 -0.984416 7.879243 0.924667 -0.337737 0.175856 47.572821 0.000000 0.000000 0.000000 1.000000
-0.346941 -0.937887 -0.000003 -6.699432 0.157109 -0.058114 -0.985870 6.494760 0.924634 -0.342040 0.167513 41.850010 0.000000 0.000000 0.000000 1.000000
-0.334068 -0.942549 -0.000007 -5.979502 0.163949 -0.058101 -0.984756 5.658401 0.928181 -0.328977 0.173939 35.534098 0.000000 0.000000 0.000000 1.000000
-0.298961 -0.954265 0.000012 -4.754299 0.162553 -0.050939 -0.985384 4.471301 0.940318 -0.294590 0.170347 29.429789 0.000000 0.000000 0.000000 1.000000
-0.240300 -0.970699 -0.000006 -3.460631 0.145004 -0.035890 -0.988780 2.873402 0.959807 -0.237605 0.149380 23.092070 0.000000 0.000000 0.000000 1.000000
-0.077322 -0.997006 0.000000 -1.110490 0.124625 -0.009666 -0.992157 1.194447 0.989186 -0.076716 0.125000 16.767690 0.000000 0.000000 0.000000 1.000000
0.102851 -0.994697 -0.000002 0.908301 0.102608 0.010611 -0.994665 0.130453 0.989390 0.102302 0.103155 10.088152 0.000000 0.000000 0.000000 1.000000
0.030176 -0.999545 -0.000001 2.671485 0.023124 0.000699 -0.999732 -0.780460 0.999277 0.030168 0.023134 5.648541 0.000000 0.000000 0.000000 1.000000
0.093231 -0.995644 -0.000002 5.424206 0.018344 0.001719 -0.999830 -0.541042 0.995475 0.093215 0.018424 3.601501 0.000000 0.000000 0.000000 1.000000
0.238780 -0.971074 0.000000 8.376063 0.019769 0.004861 -0.999793 -0.585720 0.970872 0.238730 0.020358 1.065853 0.000000 0.000000 0.000000 1.000000
0.309677 -0.950842 -0.000005 11.741570 0.018376 0.005990 -0.999813 -0.335100 0.950664 0.309619 0.019328 -1.626005 0.000000 0.000000 0.000000 1.000000
0.310292 -0.950641 0.000001 15.633782 0.032969 0.010760 -0.999398 -0.432379 0.950070 0.310105 0.034680 -3.703503 0.000000 0.000000 0.000000 1.000000
0.124488 -0.992221 -0.000001 20.337492 0.028544 0.003583 -0.999586 -0.371216 0.991810 0.124437 0.028768 -2.342900 0.000000 0.000000 0.000000 1.000000
-0.122238 -0.992501 -0.000002 24.124995 0.028134 -0.003463 -0.999598 -0.263734 0.992102 -0.122189 0.028346 1.412743 0.000000 0.000000 0.000000 1.000000
-0.371160 -0.928569 0.000001 25.795245 0.028199 -0.011273 -0.999539 -0.103496 0.928141 -0.370989 0.030369 6.593744 0.000000 0.000000 0.000000 1.000000
-0.594462 -0.804124 -0.000007 24.904430 0.022544 -0.016657 -0.999607 0.045578 0.803808 -0.594228 0.028031 12.457500 0.000000 0.000000 0.000000 1.000000
-0.820853 -0.571140 0.000000 21.645978 0.014133 -0.020313 -0.999694 0.172432 0.570965 -0.820601 0.024746 19.239562 0.000000 0.000000 0.000000 1.000000
-0.968392 -0.249433 0.000005 16.715648 0.004944 -0.019212 -0.999803 0.183244 0.249384 -0.968202 0.019838 24.548184 0.000000 0.000000 0.000000 1.000000
-0.995985 0.089516 -0.000017 10.356567 -0.002691 -0.030132 -0.999542 0.836763 -0.089476 -0.995529 0.030252 27.679614 0.000000 0.000000 0.000000 1.000000
-0.998273 0.058739 -0.000012 13.900182 -0.003445 -0.058762 -0.998266 1.478710 -0.058638 -0.996542 0.058863 25.076872 0.000000 0.000000 0.000000 1.000000
-0.991137 0.132843 0.000016 13.955147 -0.010241 -0.076288 -0.997033 1.819191 -0.132447 -0.988197 0.076972 23.566540 0.000000 0.000000 0.000000 1.000000
-0.980666 0.195691 -0.000009 14.091106 -0.021415 -0.107362 -0.993989 2.648289 -0.194516 -0.974771 0.109477 21.270032 0.000000 0.000000 0.000000 1.000000
-0.960825 -0.277154 -0.000059 21.922173 0.004146 -0.014161 -0.999891 0.436627 0.277123 -0.960721 0.014755 9.010236 0.000000 0.000000 0.000000 1.000000
-0.910153 -0.414273 -0.000209 22.033742 -0.031489 0.069684 -0.997072 0.053517 0.413074 -0.907481 -0.076468 3.271418 0.000000 0.000000 0.000000 1.000000
-0.831538 0.555467 -0.000002 9.953602 -0.111850 -0.167443 -0.979516 3.969462 -0.544090 -0.814505 0.201365 17.802358 0.000000 0.000000 0.000000 1.000000
-0.392101 0.919922 -0.000007 0.365337 -0.148189 -0.063170 -0.986939 3.426364 -0.907908 -0.386979 0.161092 19.105517 0.000000 0.000000 0.000000 1.000000
-0.230812 0.972998 -0.000006 -0.753361 -0.159517 -0.037846 -0.986470 3.192480 -0.959833 -0.227688 0.163945 17.356492 0.000000 0.000000 0.000000 1.000000
-0.161237 0.986916 -0.000014 -0.668145 -0.207457 -0.033907 -0.977656 3.672033 -0.964865 -0.157632 0.210209 15.635023 0.000000 0.000000 0.000000 1.000000
-0.094606 0.995515 -0.000018 -0.872176 -0.201530 -0.019169 -0.979295 3.263087 -0.974903 -0.092643 0.202440 14.283782 0.000000 0.000000 0.000000 1.000000
-0.065070 0.997881 -0.000012 -0.636538 -0.205119 -0.013388 -0.978645 2.973971 -0.976572 -0.063678 0.205556 12.681795 0.000000 0.000000 0.000000 1.000000
-0.047960 0.998849 0.000000 -0.427419 -0.205141 -0.009850 -0.978683 2.292797 -0.977557 -0.046938 0.205378 10.925201 0.000000 0.000000 0.000000 1.000000
-0.036526 0.999333 -0.000021 -0.280700 -0.195447 -0.007165 -0.980688 1.658345 -0.980034 -0.035817 0.195578 8.313999 0.000000 0.000000 0.000000 1.000000
0.025006 0.999687 -0.000084 -0.301657 -0.182925 0.004493 -0.983117 0.619614 -0.982809 0.024599 0.182980 4.985150 0.000000 0.000000 0.000000 1.000000
0.074948 0.997187 -0.000027 -0.231212 -0.173316 0.013000 -0.984781 -0.182466 -0.982010 0.073812 0.173803 2.458230 0.000000 0.000000 0.000000 1.000000
0.072859 0.997342 -0.000001 -0.169778 -0.163941 0.011975 -0.986397 -0.873255 -0.983776 0.071869 0.164378 0.301472 0.000000 0.000000 0.000000 1.000000
0.094745 0.995502 0.000235 -0.148075 -0.160456 0.015504 -0.986921 -1.012201 -0.982485 0.093469 0.161204 -0.548206 0.000000 0.000000 0.000000 1.000000
0.093580 0.995612 0.000005 -0.169272 -0.163118 0.015336 -0.986487 -1.018099 -0.982158 0.092314 0.163838 -0.570669 0.000000 0.000000 0.000000 1.000000
0.092917 0.995674 0.000050 -0.199150 -0.162539 0.015217 -0.986585 -1.015633 -0.982317 0.091662 0.163250 -0.558012 0.000000 0.000000 0.000000 1.000000
0.097114 0.995273 0.000196 -0.273139 -0.167802 0.016568 -0.985682 -0.659164 -0.981026 0.095691 0.168618 -0.252420 0.000000 0.000000 0.000000 1.000000
0.100616 0.994925 -0.000003 -0.281928 -0.169527 0.017141 -0.985376 -0.524857 -0.980376 0.099145 0.170391 0.528830 0.000000 0.000000 0.000000 1.000000
0.070625 0.997503 0.000030 -0.237819 -0.170533 0.012104 -0.985278 -0.474072 -0.982818 0.069580 0.170962 0.820112 0.000000 0.000000 0.000000 1.000000
0.071076 0.997471 -0.000074 -0.268586 -0.172427 0.012213 -0.984947 -0.489161 -0.982455 0.070019 0.172859 0.725408 0.000000 0.000000 0.000000 1.000000
0.071110 0.997469 -0.000071 -0.280855 -0.174653 0.012381 -0.984552 -0.491840 -0.982059 0.070024 0.175091 0.702258 0.000000 0.000000 0.000000 1.000000
0.069563 0.997578 -0.000171 -0.306546 -0.178829 0.012301 -0.983803 -0.491937 -0.981418 0.068467 0.179252 0.687314 0.000000 0.000000 0.000000 1.000000
