1.000000 0.000000 0.000000 40.000000 0.000000 1.000000 0.000734 0.000000 0.000000 -0.000734 1.000000 0.000000 0.000000 0.000000 0.000000 1.000000
1.000000 0.000000 0.000000 40.100000 0.000000 1.000000 0.000000 0.000000 0.000000 0.000000 1.000000 0.000000 0.000000 0.000000 0.000000 1.000000
1.000000 0.000029 -0.000009 40.200001 -0.000029 1.000000 0.000000 0.000001 0.000009 -0.000000 1.000000 -0.000000 0.000000 0.000000 0.000000 1.000000
1.000000 0.000038 0.000009 40.300001 -0.000038 1.000000 -0.000000 0.000001 -0.000009 0.000000 1.000000 0.000000 0.000000 0.000000 0.000000 1.000000
1.000000 0.000076 0.000005 40.400002 -0.000076 1.000000 0.000002 0.000002 -0.000005 -0.000002 1.000000 0.000000 0.000000 0.000000 0.000000 1.000000
1.000000 -0.000049 -0.000000 40.500001 0.000049 1.000000 -0.000001 -0.000001 0.000000 0.000001 1.000000 -0.000000 0.000000 0.000000 0.000000 1.000000
1.000000 0.000012 -0.000003 40.600000 -0.000012 1.000000 -0.000000 0.000000 0.000003 0.000000 1.000000 -0.000000 0.000000 0.000000 0.000000 1.000000
1.000000 -0.000048 0.000040 40.700000 0.000048 1.000000 -0.000000 -0.000001 -0.000040 0.000000 1.000000 0.000001 0.000000 0.000000 0.000000 1.000000
1.000000 0.000006 0.000002 40.800001 -0.000006 1.000000 -0.000000 0.000000 -0.000002 0.000000 1.000000 -0.000000 0.000000 0.000000 0.000000 1.000000
1.000000 -0.000146 -0.000012 40.900004 0.000146 1.000000 -0.000007 -0.000004 0.000012 0.000007 1.000000 -0.000001 0.000000 0.000000 0.000000 1.000000
1.000000 -0.000124 -0.000051 41.000007 0.000124 1.000000 -0.000014 -0.000003 0.000051 0.000014 1.000000 -0.000002 0.000000 0.000000 0.000000 1.000000
1.000000 0.000092 0.000065 41.100000 -0.000092 1.000000 0.000016 0.000002 -0.000065 -0.000016 1.000000 0.000001 0.000000 0.000000 0.000000 1.000000
1.000000 0.000228 0.000089 41.199997 -0.000228 1.000000 0.000028 0.000006 -0.000089 -0.000028 1.000000 0.000002 0.000000 0.000000 0.000000 1.000000
1.000000 0.000060 0.000046 41.299997 -0.000060 1.000000 0.000004 0.000002 -0.000046 -0.000004 1.000000 0.000001 0.000000 0.000000 0.000000 1.000000
1.000000 0.000164 0.000045 41.400007 -0.000164 1.000000 0.000025 0.000004 -0.000045 -0.000025 1.000000 0.000000 0.000000 0.000000 0.000000 1.000000
1.000000 0.000505 0.000000 41.500016 -0.000505 1.000000 0.000047 0.000013 -0.000000 -0.000047 1.000000 -0.000001 0.000000 0.000000 0.000000 1.000000
1.000000 0.000344 -0.000031 41.600017 -0.000344 1.000000 0.000032 0.000008 0.000031 -0.000032 1.000000 -0.000002 0.000000 0.000000 0.000000 1.000000
1.000000 -0.000156 0.000032 41.700004 0.000156 1.000000 -0.000021 -0.000004 -0.000032 0.000021 1.000000 0.000001 0.000000 0.000000 0.000000 1.000000
1.000000 -0.000199 0.000102 41.800002 0.000199 1.000000 -0.000052 -0.000007 -0.000102 0.000052 1.000000 0.000004 0.000000 0.000000 0.000000 1.000000
1.000000 -0.000137 0.000095 41.900002 0.000137 1.000000 -0.000041 -0.000004 -0.000095 0.000041 1.000000 0.000003 0.000000 0.000000 0.000000 1.000000
1.000000 0.000022 0.000037 42.000012 -0.000022 1.000000 -0.000003 0.000000 -0.000037 0.000003 1.000000 0.000001 0.000000 0.000000 0.000000 1.000000
1.000000 0.000064 0.000039 42.100009 -0.000064 1.000000 0.000002 0.000002 -0.000039 -0.000002 1.000000 0.000001 0.000000 0.000000 0.000000 1.000000
1.000000 0.000046 0.000015 42.200008 -0.000046 1.000000 -0.000001 0.000001 -0.000015 0.000001 1.000000 0.000000 0.000000 0.000000 0.000000 1.000000
1.000000 0.000108 0.000033 42.300039 -0.000108 1.000000 -0.000003 0.000000 -0.000033 0.000003 1.000000 -0.000001 0.000000 0.000000 0.000000 1.000000
1.000000 0.000092 0.000017 42.400014 -0.000092 1.000000 0.000004 0.000003 -0.000017 -0.000004 1.000000 0.000000 0.000000 0.000000 0.000000 1.000000
1.000000 0.000091 0.000058 42.500010 -0.000091 1.000000 0.000002 0.000002 -0.000058 -0.000002 1.000000 0.000001 0.000000 0.000000 0.000000 1.000000
1.000000 0.000003 0.000045 42.600013 -0.000003 1.000000 -0.000004 -0.000001 -0.000045 0.000004 1.000000 0.000001 0.000000 0.000000 0.000000 1.000000
1.000000 -0.000076 0.000051 42.700011 0.000076 1.000000 -0.000001 -0.000003 -0.000051 0.000001 1.000000 0.000001 0.000000 0.000000 0.000000 1.000000
1.000000 -0.000026 -0.000006 42.800002 0.000026 1.000000 0.000001 -0.000001 0.000006 -0.000001 1.000000 -0.000000 0.000000 0.000000 0.000000 1.000000
1.000000 -0.000163 0.000019 42.900000 0.000163 1.000000 0.000009 -0.000003 -0.000019 -0.000008 1.000000 0.000000 0.000000 0.000000 0.000000 1.000000
1.000000 -0.000345 0.000057 42.999996 0.000345 1.000000 -0.000005 -0.000008 -0.000057 0.000005 1.000000 0.000001 0.000000 0.000000 0.000000 1.000000
1.000000 -0.000348 0.000055 43.099994 0.000348 1.000000 -0.000005 -0.000008 -0.000055 0.000005 1.000000 0.000002 0.000000 0.000000 0.000000 1.000000
1.000000 -0.000005 0.000125 43.199995 0.000005 1.000000 -0.000004 -0.000000 -0.000125 0.000004 1.000000 0.000003 0.000000 0.000000 0.000000 1.000000
1.000000 -0.000012 0.000099 43.299999 0.000012 1.000000 -0.000002 -0.000000 -0.000099 0.000002 1.000000 0.000002 0.000000 0.000000 0.000000 1.000000
1.000000 -0.000183 0.000121 43.399999 0.000183 1.000000 -0.000002 -0.000004 -0.000121 0.000002 1.000000 0.000003 0.000000 0.000000 0.000000 1.000000
1.000000 0.000015 -0.000002 43.500000 -0.000015 1.000000 0.000001 0.000000 0.000002 -0.000001 1.000000 -0.000000 0.000000 0.000000 0.000000 1.000000
1.000000 0.000105 0.000042 43.599997 -0.000105 1.000000 0.000000 0.000002 -0.000042 -0.000000 1.000000 0.000001 0.000000 0.000000 0.000000 1.000000
1.000000 -0.000009 0.000001 43.700000 0.000009 1.000000 -0.000001 -0.000000 -0.000001 0.000001 1.000000 0.000000 0.000000 0.000000 0.000000 1.000000
1.000000 -0.000080 0.000081 43.800002 0.000080 1.000000 -0.000001 -0.000002 -0.000081 0.000001 1.000000 0.000002 0.000000 0.000000 0.000000 1.000000
1.000000 -0.000023 0.000119 43.899998 0.000023 1.000000 -0.000002 -0.000001 -0.000119 0.000002 1.000000 0.000003 0.000000 0.000000 0.000000 1.000000
1.000000 0.000080 -0.000006 43.999998 -0.000080 1.000000 0.000000 0.000002 0.000006 -0.000000 1.000000 -0.000000 0.000000 0.000000 0.000000 1.000000
1.000000 0.000000 0.000000 44.100000 0.000000 1.000000 0.000000 0.000000 0.000000 0.000000 1.000000 0.000000 0.000000 0.000000 0.000000 1.000000
1.000000 0.000015 -0.000004 44.200001 -0.000015 1.000000 0.000000 0.000000 0.000004 -0.000000 1.000000 -0.000000 0.000000 0.000000 0.000000 1.000000
1.000000 -0.000204 -0.000059 44.300002 0.000204 1.000000 -0.000011 -0.000005 0.000059 0.000011 1.000000 -0.000001 0.000000 0.000000 0.000000 1.000000
1.000000 -0.000068 -0.000007 44.400004 0.000068 1.000000 -0.000000 -0.000001 0.000007 0.000000 1.000000 -0.000000 0.000000 0.000000 0.000000 1.000000
1.000000 -0.000015 0.000007 44.500000 0.000015 1.000000 -0.000000 -0.000000 -0.000007 0.000000 1.000000 0.000000 0.000000 0.000000 0.000000 1.000000
1.000000 0.000081 0.000012 44.599996 -0.000081 1.000000 0.000009 0.000002 -0.000012 -0.000009 1.000000 0.000000 0.000000 0.000000 0.000000 1.000000
1.000000 0.000000 0.000000 44.700000 0.000000 1.000000 0.000000 0.000000 0.000000 0.000000 1.000000 0.000000 0.000000 0.000000 0.000000 1.000000
1.000000 0.000235 0.000080 44.800014 -0.000235 1.000000 0.000068 0.000012 -0.000080 -0.000068 1.000000 0.000000 0.000000 0.000000 0.000000 1.000000
1.000000 0.000333 0.000026 44.900106 -0.000333 1.000000 0.000088 0.000003 -0.000026 -0.000088 1.000000 -0.000003 0.000000 0.000000 0.000000 1.000000
1.000000 -0.000118 0.000007 45.000019 0.000118 1.000000 0.000027 -0.000001 -0.000007 -0.000027 1.000000 -0.000004 0.000000 0.000000 0.000000 1.000000
1.000000 -0.000196 0.000023 45.099977 0.000196 1.000000 -0.000003 -0.000004 -0.000023 0.000003 1.000000 0.000001 0.000000 0.000000 0.000000 1.000000
1.000000 -0.000285 0.000037 45.199985 0.000285 1.000000 -0.000015 -0.000008 -0.000037 0.000015 1.000000 0.000001 0.000000 0.000000 0.000000 1.000000
1.000000 -0.000404 0.000071 45.299983 0.000404 1.000000 -0.000040 -0.000016 -0.000071 0.000040 1.000000 0.000003 0.000000 0.000000 0.000000 1.000000
1.000000 -0.000510 0.000078 45.399989 0.000510 1.000000 -0.000024 -0.000011 -0.000078 0.000024 1.000000 0.000002 0.000000 0.000000 0.000000 1.000000
1.000000 -0.000678 0.000454 45.499999 0.000678 1.000000 -0.000035 -0.000014 -0.000454 0.000035 1.000000 0.000010 0.000000 0.000000 0.000000 1.000000
1.000000 -0.000421 0.000139 45.599992 0.000421 1.000000 -0.000024 -0.000009 -0.000139 0.000024 1.000000 0.000004 0.000000 0.000000 0.000000 1.000000
1.000000 -0.000182 0.000044 45.699996 0.000182 1.000000 -0.000017 -0.000004 -0.000044 0.000017 1.000000 0.000001 0.000000 0.000000 0.000000 1.000000
1.000000 -0.000059 -0.000012 45.799999 0.000059 1.000000 -0.000004 -0.000001 0.000012 0.000004 1.000000 -0.000000 0.000000 0.000000 0.000000 1.000000
1.000000 -0.000127 0.000002 45.900009 0.000127 1.000000 -0.000009 -0.000003 -0.000002 0.000009 1.000000 -0.000000 0.000000 0.000000 0.000000 1.000000
1.000000 -0.000206 0.000012 46.000009 0.000206 1.000000 -0.000029 -0.000004 -0.000012 0.000029 1.000000 -0.000001 0.000000 0.000000 0.000000 1.000000
1.000000 -0.000033 0.000164 46.099995 0.000033 1.000000 -0.000020 -0.000001 -0.000164 0.000020 1.000000 0.000003 0.000000 0.000000 0.000000 1.000000
1.000000 -0.000142 0.000259 46.200009 0.000142 1.000000 -0.000016 -0.000002 -0.000259 0.000016 1.000000 0.000005 0.000000 0.000000 0.000000 1.000000
1.000000 0.000290 0.000103 46.299993 -0.000290 1.000000 0.000040 0.000006 -0.000103 -0.000040 1.000000 0.000003 0.000000 0.000000 0.000000 1.000000
1.000000 0.000196 0.000186 46.399991 -0.000196 1.000000 0.000024 0.000004 -0.000186 -0.000024 1.000000 0.000005 0.000000 0.000000 0.000000 1.000000
1.000000 0.000147 0.000362 46.499997 -0.000147 1.000000 0.000010 0.000003 -0.000362 -0.000010 1.000000 0.000008 0.000000 0.000000 0.000000 1.000000
1.000000 0.000273 0.000026 46.600006 -0.000273 1.000000 0.000007 0.000006 -0.000026 -0.000007 1.000000 0.000000 0.000000 0.000000 0.000000 1.000000
1.000000 -0.000216 0.000462 46.699998 0.000216 1.000000 -0.000010 -0.000005 -0.000462 0.000010 1.000000 0.000011 0.000000 0.000000 0.000000 1.000000
1.000000 -0.000170 0.000138 46.799998 0.000170 1.000000 -0.000008 -0.000004 -0.000138 0.000008 1.000000 0.000003 0.000000 0.000000 0.000000 1.000000
1.000000 0.000111 0.000124 46.900008 -0.000111 1.000000 0.000003 0.000002 -0.000124 -0.000003 1.000000 0.000003 0.000000 0.000000 0.000000 1.000000
1.000000 0.000098 0.000131 47.000002 -0.000098 1.000000 0.000009 0.000002 -0.000131 -0.000009 1.000000 0.000002 0.000000 0.000000 0.000000 1.000000
1.000000 0.000561 0.000261 47.100028 -0.000561 1.000000 0.000026 0.000013 -0.000261 -0.000027 1.000000 0.000005 0.000000 0.000000 0.000000 1.000000
1.000000 0.000427 0.000264 47.200008 -0.000427 1.000000 0.000021 0.000010 -0.000264 -0.000021 1.000000 0.000006 0.000000 0.000000 0.000000 1.000000
1.000000 -0.000180 0.000396 47.299999 0.000180 1.000000 -0.000007 -0.000002 -0.000396 0.000007 1.000000 0.000009 0.000000 0.000000 0.000000 1.000000
1.000000 0.000281 0.000027 47.400046 -0.000281 1.000000 -0.000005 0.000007 -0.000027 0.000005 1.000000 0.000000 0.000000 0.000000 0.000000 1.000000
1.000000 0.000360 0.000078 47.500039 -0.000360 1.000000 -0.000015 0.000006 -0.000078 0.000015 1.000000 0.000001 0.000000 0.000000 0.000000 1.000000
1.000000 -0.000022 0.000054 47.600035 0.000022 1.000000 0.000002 0.000003 -0.000054 -0.000002 1.000000 0.000001 0.000000 0.000000 0.000000 1.000000
1.000000 0.000430 0.000235 47.700083 -0.000430 1.000000 -0.000002 0.000009 -0.000235 0.000002 1.000000 0.000003 0.000000 0.000000 0.000000 1.000000
1.000000 0.000494 0.000545 47.800038 -0.000494 1.000000 0.000011 0.000009 -0.000545 -0.000011 1.000000 0.000011 0.000000 0.000000 0.000000 1.000000
1.000000 0.000231 0.000368 47.900030 -0.000231 1.000000 0.000023 0.000006 -0.000368 -0.000023 1.000000 0.000010 0.000000 0.000000 0.000000 1.000000
1.000000 0.000078 0.000271 48.000014 -0.000078 1.000000 0.000023 -0.000000 -0.000271 -0.000023 1.000000 0.000006 0.000000 0.000000 0.000000 1.000000
1.000000 0.000044 0.000188 48.100006 -0.000044 1.000000 0.000026 0.000002 -0.000188 -0.000026 1.000000 0.000003 0.000000 0.000000 0.000000 1.000000
1.000000 -0.000098 0.000059 48.200024 0.000098 1.000000 0.000058 -0.000002 -0.000059 -0.000058 1.000000 -0.000001 0.000000 0.000000 0.000000 1.000000
1.000000 -0.000144 0.000052 48.300019 0.000144 1.000000 0.000019 -0.000006 -0.000052 -0.000019 1.000000 -0.000001 0.000000 0.000000 0.000000 1.000000
1.000000 -0.000252 0.000072 48.400007 0.000252 1.000000 0.000007 -0.000003 -0.000072 -0.000007 1.000000 0.000002 0.000000 0.000000 0.000000 1.000000
1.000000 -0.000739 0.000374 48.499989 0.000739 1.000000 -0.000015 -0.000015 -0.000374 0.000015 1.000000 0.000006 0.000000 0.000000 0.000000 1.000000
1.000000 -0.000531 0.000337 48.599993 0.000531 1.000000 -0.000016 -0.000014 -0.000337 0.000016 1.000000 0.000010 0.000000 0.000000 0.000000 1.000000
1.000000 -0.000352 0.000470 48.699996 0.000352 1.000000 -0.000040 -0.000008 -0.000470 0.000040 1.000000 0.000012 0.000000 0.000000 0.000000 1.000000
0.999999 -0.001070 0.000499 48.799968 0.001070 0.999999 -0.000068 -0.000024 -0.000499 0.000069 1.000000 0.000014 0.000000 0.000000 0.000000 1.000000
1.000000 0.000066 0.000280 48.899989 -0.000066 1.000000 -0.000013 0.000001 -0.000280 0.000013 1.000000 0.000007 0.000000 0.000000 0.000000 1.000000
1.000000 0.000032 -0.000004 49.000002 -0.000032 1.000000 0.000000 0.000001 0.000004 -0.000000 1.000000 -0.000000 0.000000 0.000000 0.000000 1.000000
1.000000 -0.000123 0.000068 49.100000 0.000123 1.000000 -0.000007 -0.000002 -0.000068 0.000007 1.000000 0.000001 0.000000 0.000000 0.000000 1.000000
1.000000 0.000074 0.000257 49.199996 -0.000074 1.000000 0.000000 0.000002 -0.000257 -0.000000 1.000000 0.000005 0.000000 0.000000 0.000000 1.000000
1.000000 -0.000207 0.000682 49.299998 0.000207 1.000000 -0.000005 -0.000004 -0.000682 0.000005 1.000000 0.000014 0.000000 0.000000 0.000000 1.000000
1.000000 -0.000119 0.000028 49.400002 0.000119 1.000000 -0.000007 -0.000002 -0.000028 0.000007 1.000000 0.000000 0.000000 0.000000 0.000000 1.000000
1.000000 -0.000292 -0.000052 49.500017 0.000292 1.000000 -0.000006 -0.000005 0.000052 0.000006 1.000000 -0.000002 0.000000 0.000000 0.000000 1.000000
1.000000 -0.000045 0.000279 49.600021 0.000045 1.000000 0.000015 -0.000000 -0.000279 -0.000015 1.000000 0.000004 0.000000 0.000000 0.000000 1.000000
1.000000 0.000355 0.000616 49.700010 -0.000356 1.000000 0.000066 0.000007 -0.000616 -0.000066 1.000000 0.000011 0.000000 0.000000 0.000000 1.000000
0.999999 0.000766 0.000659 49.800021 -0.000766 1.000000 0.000097 0.000016 -0.000659 -0.000098 1.000000 0.000011 0.000000 0.000000 0.000000 1.000000
1.000000 0.000327 0.000156 49.900014 -0.000327 1.000000 0.000031 0.000006 -0.000156 -0.000031 1.000000 0.000002 0.000000 0.000000 0.000000 1.000000
1.000000 0.000095 0.000168 50.000001 -0.000095 1.000000 -0.000005 0.000002 -0.000168 0.000005 1.000000 0.000004 0.000000 0.000000 0.000000 1.000000
1.000000 -0.000116 0.000568 50.099998 0.000116 1.000000 -0.000001 -0.000002 -0.000568 0.000001 1.000000 0.000010 0.000000 0.000000 0.000000 1.000000
1.000000 -0.000076 0.000225 50.199996 0.000076 1.000000 -0.000014 -0.000003 -0.000225 0.000014 1.000000 0.000005 0.000000 0.000000 0.000000 1.000000
1.000000 -0.000013 0.000275 50.299999 0.000013 1.000000 -0.000044 -0.000001 -0.000275 0.000044 1.000000 0.000006 0.000000 0.000000 0.000000 1.000000
1.000000 -0.000264 0.000241 50.399990 0.000264 1.000000 -0.000045 -0.000007 -0.000241 0.000045 1.000000 0.000005 0.000000 0.000000 0.000000 1.000000
1.000000 -0.000428 0.000375 50.499986 0.000428 1.000000 -0.000039 -0.000009 -0.000375 0.000039 1.000000 0.000008 0.000000 0.000000 0.000000 1.000000
1.000000 -0.000371 0.000881 50.599981 0.000371 1.000000 -0.000023 -0.000008 -0.000881 0.000023 1.000000 0.000017 0.000000 0.000000 0.000000 1.000000
1.000000 -0.000332 0.000933 50.699988 0.000332 1.000000 -0.000009 -0.000006 -0.000933 0.000010 1.000000 0.000018 0.000000 0.000000 0.000000 1.000000
1.000000 -0.000365 0.000171 50.799995 0.000365 1.000000 -0.000013 -0.000007 -0.000171 0.000013 1.000000 0.000004 0.000000 0.000000 0.000000 1.000000
1.000000 0.000003 0.000062 50.899996 -0.000003 1.000000 -0.000005 -0.000001 -0.000062 0.000005 1.000000 0.000002 0.000000 0.000000 0.000000 1.000000
1.000000 -0.000011 0.000108 50.999995 0.000011 1.000000 -0.000005 -0.000000 -0.000108 0.000005 1.000000 0.000003 0.000000 0.000000 0.000000 1.000000
1.000000 -0.000295 0.000206 51.099995 0.000295 1.000000 -0.000008 -0.000006 -0.000206 0.000008 1.000000 0.000004 0.000000 0.000000 0.000000 1.000000
1.000000 0.000037 0.000031 51.199999 -0.000037 1.000000 0.000000 0.000001 -0.000031 -0.000000 1.000000 0.000001 0.000000 0.000000 0.000000 1.000000
1.000000 -0.000082 0.000034 51.300002 0.000082 1.000000 -0.000002 -0.000002 -0.000034 0.000002 1.000000 0.000001 0.000000 0.000000 0.000000 1.000000
1.000000 -0.000006 0.000011 51.399999 0.000006 1.000000 -0.000000 -0.000000 -0.000011 0.000000 1.000000 0.000000 0.000000 0.000000 0.000000 1.000000
1.000000 0.000049 0.000010 51.499999 -0.000049 1.000000 0.000000 0.000001 -0.000010 -0.000000 1.000000 0.000000 0.000000 0.000000 0.000000 1.000000
1.000000 -0.000022 -0.000011 51.600001 0.000022 1.000000 -0.000002 -0.000000 0.000011 0.000002 1.000000 -0.000000 0.000000 0.000000 0.000000 1.000000
1.000000 -0.000099 0.000010 51.700002 0.000099 1.000000 -0.000001 -0.000002 -0.000010 0.000001 1.000000 0.000000 0.000000 0.000000 0.000000 1.000000
1.000000 -0.000091 -0.000005 51.800002 0.000091 1.000000 -0.000001 -0.000002 0.000005 0.000001 1.000000 -0.000000 0.000000 0.000000 0.000000 1.000000
1.000000 -0.000072 0.000024 51.900001 0.000072 1.000000 -0.000000 -0.000001 -0.000024 0.000000 1.000000 0.000000 0.000000 0.000000 0.000000 1.000000
1.000000 0.000226 0.000119 51.999996 -0.000226 1.000000 0.000005 0.000004 -0.000119 -0.000005 1.000000 0.000002 0.000000 0.000000 0.000000 1.000000
1.000000 0.000093 0.000058 52.099998 -0.000093 1.000000 0.000000 0.000002 -0.000058 -0.000000 1.000000 0.000001 0.000000 0.000000 0.000000 1.000000
1.000000 0.000000 0.000000 52.200000 0.000000 1.000000 0.000000 0.000000 0.000000 0.000000 1.000000 0.000000 0.000000 0.000000 0.000000 1.000000
1.000000 -0.000012 0.000021 52.300001 0.000012 1.000000 -0.000000 -0.000000 -0.000021 0.000000 1.000000 0.000000 0.000000 0.000000 0.000000 1.000000
1.000000 0.000057 0.000012 52.400003 -0.000057 1.000000 0.000002 0.000001 -0.000012 -0.000002 1.000000 0.000000 0.000000 0.000000 0.000000 1.000000
1.000000 0.000046 0.000026 52.500002 -0.000046 1.000000 -0.000000 0.000001 -0.000026 0.000000 1.000000 0.000000 0.000000 0.000000 0.000000 1.000000
1.000000 -0.000067 0.000051 52.599999 0.000067 1.000000 -0.000002 -0.000001 -0.000051 0.000002 1.000000 0.000001 0.000000 0.000000 0.000000 1.000000
1.000000 0.000087 0.000002 52.699998 -0.000087 1.000000 0.000000 0.000002 -0.000002 -0.000000 1.000000 0.000000 0.000000 0.000000 0.000000 1.000000
1.000000 -0.000064 0.000016 52.800000 0.000064 1.000000 -0.000002 -0.000001 -0.000016 0.000002 1.000000 0.000000 0.000000 0.000000 0.000000 1.000000
1.000000 0.000045 0.000017 52.899999 -0.000045 1.000000 -0.000001 0.000001 -0.000017 0.000001 1.000000 0.000000 0.000000 0.000000 0.000000 1.000000
1.000000 0.000101 -0.000013 53.000001 -0.000101 1.000000 0.000004 0.000002 0.000013 -0.000004 1.000000 -0.000000 0.000000 0.000000 0.000000 1.000000
1.000000 0.000160 0.000093 53.100002 -0.000160 1.000000 0.000007 0.000003 -0.000093 -0.000007 1.000000 0.000002 0.000000 0.000000 0.000000 1.000000
1.000000 0.000061 0.000017 53.200002 -0.000061 1.000000 0.000003 0.000001 -0.000017 -0.000003 1.000000 0.000000 0.000000 0.000000 0.000000 1.000000
1.000000 -0.000013 0.000033 53.300000 0.000013 1.000000 0.000003 -0.000000 -0.000033 -0.000003 1.000000 0.000001 0.000000 0.000000 0.000000 1.000000
1.000000 -0.000089 0.000021 53.399998 0.000089 1.000000 -0.000000 -0.000002 -0.000021 0.000000 1.000000 0.000000 0.000000 0.000000 0.000000 1.000000
1.000000 -0.000095 -0.000021 53.499999 0.000095 1.000000 -0.000004 -0.000002 0.000021 0.000004 1.000000 -0.000000 0.000000 0.000000 0.000000 1.000000
1.000000 -0.000070 -0.000011 53.600000 0.000070 1.000000 -0.000007 -0.000001 0.000011 0.000007 1.000000 -0.000000 0.000000 0.000000 0.000000 1.000000
1.000000 -0.000114 -0.000004 53.700002 0.000114 1.000000 -0.000010 -0.000002 0.000004 0.000010 1.000000 -0.000000 0.000000 0.000000 0.000000 1.000000
1.000000 -0.000114 -0.000013 53.800005 0.000114 1.000000 -0.000000 -0.000002 0.000013 0.000000 1.000000 -0.000000 0.000000 0.000000 0.000000 1.000000
1.000000 -0.000133 -0.000007 53.900010 0.000133 1.000000 0.000007 -0.000002 0.000007 -0.000007 1.000000 -0.000000 0.000000 0.000000 0.000000 1.000000
1.000000 -0.000206 -0.000029 54.000033 0.000206 1.000000 0.000003 -0.000004 0.000029 -0.000003 1.000000 -0.000001 0.000000 0.000000 0.000000 1.000000
1.000000 -0.000172 0.000079 54.100031 0.000172 1.000000 0.000009 -0.000004 -0.000079 -0.000009 1.000000 0.000001 0.000000 0.000000 0.000000 1.000000
1.000000 0.000186 0.000047 54.200005 -0.000186 1.000000 -0.000000 0.000002 -0.000047 0.000000 1.000000 0.000001 0.000000 0.000000 0.000000 1.000000
1.000000 0.000232 0.000046 54.299992 -0.000232 1.000000 -0.000002 0.000005 -0.000046 0.000002 1.000000 0.000001 0.000000 0.000000 0.000000 1.000000
1.000000 0.000586 0.000150 54.399989 -0.000586 1.000000 0.000007 0.000011 -0.000150 -0.000007 1.000000 0.000003 0.000000 0.000000 0.000000 1.000000
1.000000 -0.000003 0.000031 54.499989 0.000003 1.000000 0.000004 -0.000000 -0.000031 -0.000004 1.000000 0.000001 0.000000 0.000000 0.000000 1.000000
1.000000 0.000100 0.000033 54.600006 -0.000100 1.000000 0.000003 0.000002 -0.000033 -0.000003 1.000000 0.000001 0.000000 0.000000 0.000000 1.000000
1.000000 0.000017 -0.000003 54.699999 -0.000017 1.000000 0.000003 0.000000 0.000003 -0.000003 1.000000 -0.000000 0.000000 0.000000 0.000000 1.000000
1.000000 -0.000096 0.000002 54.799996 0.000096 1.000000 -0.000003 -0.000002 -0.000002 0.000003 1.000000 0.000000 0.000000 0.000000 0.000000 1.000000
1.000000 -0.000114 0.000073 54.899998 0.000114 1.000000 -0.000004 -0.000002 -0.000073 0.000004 1.000000 0.000001 0.000000 0.000000 0.000000 1.000000
1.000000 0.000000 0.000000 55.000000 0.000000 1.000000 0.000000 0.000000 0.000000 0.000000 1.000000 0.000000 0.000000 0.000000 0.000000 1.000000
1.000000 0.000000 0.000000 55.100000 0.000000 1.000000 0.000000 0.000000 0.000000 0.000000 1.000000 0.000000 0.000000 0.000000 0.000000 1.000000
1.000000 0.000000 0.000000 55.200000 0.000000 1.000000 0.000000 0.000000 0.000000 0.000000 1.000000 0.000000 0.000000 0.000000 0.000000 1.000000
1.000000 -0.000084 0.000120 55.300001 0.000084 1.000000 -0.000001 -0.000002 -0.000120 0.000001 1.000000 0.000002 0.000000 0.000000 0.000000 1.000000
1.000000 -0.000366 0.000021 55.400008 0.000366 1.000000 -0.000012 -0.000006 -0.000021 0.000012 1.000000 0.000000 0.000000 0.000000 0.000000 1.000000
1.000000 -0.000648 0.000343 55.500022 0.000648 1.000000 -0.000002 -0.000012 -0.000343 0.000002 1.000000 0.000006 0.000000 0.000000 0.000000 1.000000
1.000000 -0.000506 0.000332 55.600035 0.000506 1.000000 -0.000005 -0.000010 -0.000332 0.000005 1.000000 0.000006 0.000000 0.000000 0.000000 1.000000
1.000000 -0.000375 0.000328 55.700046 0.000375 1.000000 -0.000004 -0.000003 -0.000328 0.000004 1.000000 0.000005 0.000000 0.000000 0.000000 1.000000
1.000000 -0.000403 0.000376 55.800019 0.000403 1.000000 -0.000003 -0.000008 -0.000376 0.000003 1.000000 0.000006 0.000000 0.000000 0.000000 1.000000
1.000000 0.000345 0.000102 55.899989 -0.000345 1.000000 0.000013 0.000004 -0.000102 -0.000013 1.000000 0.000003 0.000000 0.000000 0.000000 1.000000
1.000000 0.000876 0.000415 55.999989 -0.000876 1.000000 0.000012 0.000014 -0.000415 -0.000012 1.000000 0.000008 0.000000 0.000000 0.000000 1.000000
1.000000 -0.000039 0.000057 56.099998 0.000039 1.000000 0.000000 -0.000001 -0.000057 -0.000000 1.000000 0.000001 0.000000 0.000000 0.000000 1.000000
1.000000 -0.000003 0.000012 56.200001 0.000003 1.000000 0.000000 -0.000000 -0.000012 -0.000000 1.000000 0.000000 0.000000 0.000000 0.000000 1.000000
1.000000 0.000017 0.000005 56.300001 -0.000017 1.000000 0.000000 0.000000 -0.000005 -0.000000 1.000000 0.000000 0.000000 0.000000 0.000000 1.000000
1.000000 0.000008 -0.000005 56.400000 -0.000008 1.000000 0.000000 0.000000 0.000005 -0.000000 1.000000 -0.000000 0.000000 0.000000 0.000000 1.000000
1.000000 -0.000175 -0.000063 56.500003 0.000175 1.000000 -0.000003 -0.000003 0.000063 0.000003 1.000000 -0.000001 0.000000 0.000000 0.000000 1.000000
1.000000 -0.000177 -0.000038 56.600003 0.000177 1.000000 -0.000004 -0.000003 0.000038 0.000004 1.000000 -0.000001 0.000000 0.000000 0.000000 1.000000
1.000000 -0.000037 0.000074 56.700002 0.000037 1.000000 -0.000001 -0.000001 -0.000074 0.000001 1.000000 0.000001 0.000000 0.000000 0.000000 1.000000
1.000000 0.000080 0.000377 56.799999 -0.000080 1.000000 0.000005 0.000001 -0.000377 -0.000005 1.000000 0.000007 0.000000 0.000000 0.000000 1.000000
1.000000 -0.000124 0.000199 56.900035 0.000124 1.000000 -0.000025 -0.000002 -0.000199 0.000025 1.000000 0.000003 0.000000 0.000000 0.000000 1.000000
1.000000 -0.000774 -0.000363 57.000044 0.000774 1.000000 -0.000096 -0.000020 0.000363 0.000096 1.000000 -0.000010 0.000000 0.000000 0.000000 1.000000
0.999998 0.000505 0.001728 57.100050 -0.000506 1.000000 0.000401 0.000010 -0.001728 -0.000401 0.999998 0.000023 0.000000 0.000000 0.000000 1.000000
0.999998 0.000630 0.002012 57.200097 -0.000632 1.000000 0.000570 0.000015 -0.002012 -0.000572 0.999998 0.000027 0.000000 0.000000 0.000000 1.000000
0.999997 0.000924 0.002124 57.300061 -0.000925 0.999999 0.000581 0.000017 -0.002123 -0.000583 0.999998 0.000019 0.000000 0.000000 0.000000 1.000000
0.999997 0.000669 0.002251 57.400004 -0.000670 1.000000 0.000396 0.000018 -0.002251 -0.000397 0.999997 0.000002 0.000000 0.000000 0.000000 1.000000
0.999999 0.000124 0.001537 57.499948 -0.000124 1.000000 0.000266 -0.000002 -0.001537 -0.000266 0.999999 0.000026 0.000000 0.000000 0.000000 1.000000
1.000000 0.000332 -0.000163 57.600047 -0.000332 1.000000 0.000250 0.000010 0.000163 -0.000250 1.000000 -0.000012 0.000000 0.000000 0.000000 1.000000
0.999998 -0.000081 0.002010 57.700016 0.000082 1.000000 -0.000666 -0.000004 -0.002010 0.000667 0.999998 0.000044 0.000000 0.000000 0.000000 1.000000
1.000000 -0.000014 0.000185 57.800048 0.000014 1.000000 -0.000770 0.000015 -0.000184 0.000770 1.000000 0.000005 0.000000 0.000000 0.000000 1.000000
1.000000 -0.000724 0.000675 57.899928 0.000724 1.000000 -0.000342 0.000001 -0.000675 0.000342 1.000000 0.000016 0.000000 0.000000 0.000000 1.000000
0.999996 -0.000354 0.002938 57.999690 0.000356 1.000000 -0.000770 -0.000050 -0.002938 0.000771 0.999995 0.000060 0.000000 0.000000 0.000000 1.000000
