# Camera 0
800.000000 0.000000 320.000000 0.000000 800.000000 240.000000 0.000000 0.000000 1.000000
# Camera 1
800.000000 0.000000 320.000000 0.000000 800.000000 240.000000 0.000000 0.000000 1.000000
# Camera 2
800.000000 0.000000 320.000000 0.000000 800.000000 240.000000 0.000000 0.000000 1.000000
# Camera 3
800.000000 0.000000 320.000000 0.000000 800.000000 240.000000 0.000000 0.000000 1.000000
# Camera 4
800.000000 0.000000 320.000000 0.000000 800.000000 240.000000 0.000000 0.000000 1.000000
# Camera 5
800.000000 0.000000 320.000000 0.000000 800.000000 240.000000 0.000000 0.000000 1.000000
# Camera 6
800.000000 0.000000 320.000000 0.000000 800.000000 240.000000 0.000000 0.000000 1.000000
# Camera 7
800.000000 0.000000 320.000000 0.000000 800.000000 240.000000 0.000000 0.000000 1.000000
# Camera 8
800.000000 0.000000 320.000000 0.000000 800.000000 240.000000 0.000000 0.000000 1.000000
# Camera 9
800.000000 0.000000 320.000000 0.000000 800.000000 240.000000 0.000000 0.000000 1.000000
# Camera 10
800.000000 0.000000 320.000000 0.000000 800.000000 240.000000 0.000000 0.000000 1.000000
# Camera 11
800.000000 0.000000 320.000000 0.000000 800.000000 240.000000 0.000000 0.000000 1.000000
# Camera 12
800.000000 0.000000 320.000000 0.000000 800.000000 240.000000 0.000000 0.000000 1.000000
# Camera 13
800.000000 0.000000 320.000000 0.000000 800.000000 240.000000 0.000000 0.000000 1.000000
# Camera 14
800.000000 0.000000 320.000000 0.000000 800.000000 240.000000 0.000000 0.000000 1.000000
# Camera 15
800.000000 0.000000 320.000000 0.000000 800.000000 240.000000 0.000000 0.000000 1.000000
# Camera 16
800.000000 0.000000 320.000000 0.000000 800.000000 240.000000 0.000000 0.000000 1.000000
# Camera 17
800.000000 0.000000 320.000000 0.000000 800.000000 240.000000 0.000000 0.000000 1.000000
# Camera 18
800.000000 0.000000 320.000000 0.000000 800.000000 240.000000 0.000000 0.000000 1.000000
# Camera 19
800.000000 0.000000 320.000000 0.000000 800.000000 240.000000 0.000000 0.000000 1.000000
# Camera 20
800.000000 0.000000 320.000000 0.000000 800.000000 240.000000 0.000000 0.000000 1.000000
# Camera 21
800.000000 0.000000 320.000000 0.000000 800.000000 240.000000 0.000000 0.000000 1.000000
# Camera 22
800.000000 0.000000 320.000000 0.000000 800.000000 240.000000 0.000000 0.000000 1.000000
# Camera 23
800.000000 0.000000 320.000000 0.000000 800.000000 240.000000 0.000000 0.000000 1.000000
# Camera 24
800.000000 0.000000 320.000000 0.000000 800.000000 240.000000 0.000000 0.000000 1.000000
# Camera 25
800.000000 0.000000 320.000000 0.000000 800.000000 240.000000 0.000000 0.000000 1.000000
# Camera 26
800.000000 0.000000 320.000000 0.000000 800.000000 240.000000 0.000000 0.000000 1.000000
# Camera 27
800.000000 0.000000 320.000000 0.000000 800.000000 240.000000 0.000000 0.000000 1.000000
# Camera 28
800.000000 0.000000 320.000000 0.000000 800.000000 240.000000 0.000000 0.000000 1.000000
# Camera 29
800.000000 0.000000 320.000000 0.000000 800.000000 240.000000 0.000000 0.000000 1.000000
# Camera 30
800.000000 0.000000 320.000000 0.000000 800.000000 240.000000 0.000000 0.000000 1.000000
# Camera 31
800.000000 0.000000 320.000000 0.000000 800.000000 240.000000 0.000000 0.000000 1.000000
# Camera 32
800.000000 0.000000 320.000000 0.000000 800.000000 240.000000 0.000000 0.000000 1.000000
# Camera 33
800.000000 0.000000 320.000000 0.000000 800.000000 240.000000 0.000000 0.000000 1.000000
# Camera 34
800.000000 0.000000 320.000000 0.000000 800.000000 240.000000 0.000000 0.000000 1.000000
# Camera 35
800.000000 0.000000 320.000000 0.000000 800.000000 240.000000 0.000000 0.000000 1.000000
# Camera 36
800.000000 0.000000 320.000000 0.000000 800.000000 240.000000 0.000000 0.000000 1.000000
# Camera 37
800.000000 0.000000 320.000000 0.000000 800.000000 240.000000 0.000000 0.000000 1.000000
# Camera 38
800.000000 0.000000 320.000000 0.000000 800.000000 240.000000 0.000000 0.000000 1.000000
# Camera 39
800.000000 0.000000 320.000000 0.000000 800.000000 240.000000 0.000000 0.000000 1.000000
# Camera 40
800.000000 0.000000 320.000000 0.000000 800.000000 240.000000 0.000000 0.000000 1.000000
# Camera 41
800.000000 0.000000 320.000000 0.000000 800.000000 240.000000 0.000000 0.000000 1.000000
# Camera 42
800.000000 0.000000 320.000000 0.000000 800.000000 240.000000 0.000000 0.000000 1.000000
# Camera 43
800.000000 0.000000 320.000000 0.000000 800.000000 240.000000 0.000000 0.000000 1.000000
# Camera 44
800.000000 0.000000 320.000000 0.000000 800.000000 240.000000 0.000000 0.000000 1.000000
# Camera 45
800.000000 0.000000 320.000000 0.000000 800.000000 240.000000 0.000000 0.000000 1.000000
# Camera 46
800.000000 0.000000 320.000000 0.000000 800.000000 240.000000 0.000000 0.000000 1.000000
# Camera 47
800.000000 0.000000 320.000000 0.000000 800.000000 240.000000 0.000000 0.000000 1.000000
# Camera 48
800.000000 0.000000 320.000000 0.000000 800.000000 240.000000 0.000000 0.000000 1.000000
# Camera 49
800.000000 0.000000 320.000000 0.000000 800.000000 240.000000 0.000000 0.000000 1.000000
# Camera 50
800.000000 0.000000 320.000000 0.000000 800.000000 240.000000 0.000000 0.000000 1.000000
# Camera 51
800.000000 0.000000 320.000000 0.000000 800.000000 240.000000 0.000000 0.000000 1.000000
# Camera 52
800.000000 0.000000 320.000000 0.000000 800.000000 240.000000 0.000000 0.000000 1.000000
# Camera 53
800.000000 0.000000 320.000000 0.000000 800.000000 240.000000 0.000000 0.000000 1.000000
# Camera 54
800.000000 0.000000 320.000000 0.000000 800.000000 240.000000 0.000000 0.000000 1.000000
# Camera 55
800.000000 0.000000 320.000000 0.000000 800.000000 240.000000 0.000000 0.000000 1.000000
# Camera 56
800.000000 0.000000 320.000000 0.000000 800.000000 240.000000 0.000000 0.000000 1.000000
# Camera 57
800.000000 0.000000 320.000000 0.000000 800.000000 240.000000 0.000000 0.000000 1.000000
# Camera 58
800.000000 0.000000 320.000000 0.000000 800.000000 240.000000 0.000000 0.000000 1.000000
# Camera 59
800.000000 0.000000 320.000000 0.000000 800.000000 240.000000 0.000000 0.000000 1.000000
# Camera 60
800.000000 0.000000 320.000000 0.000000 800.000000 240.000000 0.000000 0.000000 1.000000
# Camera 61
800.000000 0.000000 320.000000 0.000000 800.000000 240.000000 0.000000 0.000000 1.000000
# Camera 62
800.000000 0.000000 320.000000 0.000000 800.000000 240.000000 0.000000 0.000000 1.000000
# Camera 63
800.000000 0.000000 320.000000 0.000000 800.000000 240.000000 0.000000 0.000000 1.000000
# Camera 64
800.000000 0.000000 320.000000 0.000000 800.000000 240.000000 0.000000 0.000000 1.000000
# Camera 65
800.000000 0.000000 320.000000 0.000000 800.000000 240.000000 0.000000 0.000000 1.000000
# Camera 66
800.000000 0.000000 320.000000 0.000000 800.000000 240.000000 0.000000 0.000000 1.000000
# Camera 67
800.000000 0.000000 320.000000 0.000000 800.000000 240.000000 0.000000 0.000000 1.000000
# Camera 68
800.000000 0.000000 320.000000 0.000000 800.000000 240.000000 0.000000 0.000000 1.000000
# Camera 69
800.000000 0.000000 320.000000 0.000000 800.000000 240.000000 0.000000 0.000000 1.000000
# Camera 70
800.000000 0.000000 320.000000 0.000000 800.000000 240.000000 0.000000 0.000000 1.000000
# Camera 71
800.000000 0.000000 320.000000 0.000000 800.000000 240.000000 0.000000 0.000000 1.000000
# Camera 72
800.000000 0.000000 320.000000 0.000000 800.000000 240.000000 0.000000 0.000000 1.000000
# Camera 73
800.000000 0.000000 320.000000 0.000000 800.000000 240.000000 0.000000 0.000000 1.000000
# Camera 74
800.000000 0.000000 320.000000 0.000000 800.000000 240.000000 0.000000 0.000000 1.000000
# Camera 75
800.000000 0.000000 320.000000 0.000000 800.000000 240.000000 0.000000 0.000000 1.000000
# Camera 76
800.000000 0.000000 320.000000 0.000000 800.000000 240.000000 0.000000 0.000000 1.000000
# Camera 77
800.000000 0.000000 320.000000 0.000000 800.000000 240.000000 0.000000 0.000000 1.000000
# Camera 78
800.000000 0.000000 320.000000 0.000000 800.000000 240.000000 0.000000 0.000000 1.000000
# Camera 79
800.000000 0.000000 320.000000 0.000000 800.000000 240.000000 0.000000 0.000000 1.000000
# Camera 80
800.000000 0.000000 320.000000 0.000000 800.000000 240.000000 0.000000 0.000000 1.000000
# Camera 81
800.000000 0.000000 320.000000 0.000000 800.000000 240.000000 0.000000 0.000000 1.000000
# Camera 82
800.000000 0.000000 320.000000 0.000000 800.000000 240.000000 0.000000 0.000000 1.000000
# Camera 83
800.000000 0.000000 320.000000 0.000000 800.000000 240.000000 0.000000 0.000000 1.000000
# Camera 84
800.000000 0.000000 320.000000 0.000000 800.000000 240.000000 0.000000 0.000000 1.000000
# Camera 85
800.000000 0.000000 320.000000 0.000000 800.000000 240.000000 0.000000 0.000000 1.000000
# Camera 86
800.000000 0.000000 320.000000 0.000000 800.000000 240.000000 0.000000 0.000000 1.000000
# Camera 87
800.000000 0.000000 320.000000 0.000000 800.000000 240.000000 0.000000 0.000000 1.000000
# Camera 88
800.000000 0.000000 320.000000 0.000000 800.000000 240.000000 0.000000 0.000000 1.000000
# Camera 89
800.000000 0.000000 320.000000 0.000000 800.000000 240.000000 0.000000 0.000000 1.000000
# Camera 90
800.000000 0.000000 320.000000 0.000000 800.000000 240.000000 0.000000 0.000000 1.000000
# Camera 91
800.000000 0.000000 320.000000 0.000000 800.000000 240.000000 0.000000 0.000000 1.000000
# Camera 92
800.000000 0.000000 320.000000 0.000000 800.000000 240.000000 0.000000 0.000000 1.000000
# Camera 93
800.000000 0.000000 320.000000 0.000000 800.000000 240.000000 0.000000 0.000000 1.000000
# Camera 94
800.000000 0.000000 320.000000 0.000000 800.000000 240.000000 0.000000 0.000000 1.000000
# Camera 95
800.000000 0.000000 320.000000 0.000000 800.000000 240.000000 0.000000 0.000000 1.000000
# Camera 96
800.000000 0.000000 320.000000 0.000000 800.000000 240.000000 0.000000 0.000000 1.000000
# Camera 97
800.000000 0.000000 320.000000 0.000000 800.000000 240.000000 0.000000 0.000000 1.000000
# Camera 98
800.000000 0.000000 320.000000 0.000000 800.000000 240.000000 0.000000 0.000000 1.000000
# Camera 99
800.000000 0.000000 320.000000 0.000000 800.000000 240.000000 0.000000 0.000000 1.000000
# Camera 100
800.000000 0.000000 320.000000 0.000000 800.000000 240.000000 0.000000 0.000000 1.000000
# Camera 101
800.000000 0.000000 320.000000 0.000000 800.000000 240.000000 0.000000 0.000000 1.000000
# Camera 102
800.000000 0.000000 320.000000 0.000000 800.000000 240.000000 0.000000 0.000000 1.000000
# Camera 103
800.000000 0.000000 320.000000 0.000000 800.000000 240.000000 0.000000 0.000000 1.000000
# Camera 104
800.000000 0.000000 320.000000 0.000000 800.000000 240.000000 0.000000 0.000000 1.000000
# Camera 105
800.000000 0.000000 320.000000 0.000000 800.000000 240.000000 0.000000 0.000000 1.000000
# Camera 106
800.000000 0.000000 320.000000 0.000000 800.000000 240.000000 0.000000 0.000000 1.000000
# Camera 107
800.000000 0.000000 320.000000 0.000000 800.000000 240.000000 0.000000 0.000000 1.000000
# Camera 108
800.000000 0.000000 320.000000 0.000000 800.000000 240.000000 0.000000 0.000000 1.000000
# Camera 109
800.000000 0.000000 320.000000 0.000000 800.000000 240.000000 0.000000 0.000000 1.000000
# Camera 110
800.000000 0.000000 320.000000 0.000000 800.000000 240.000000 0.000000 0.000000 1.000000
# Camera 111
800.000000 0.000000 320.000000 0.000000 800.000000 240.000000 0.000000 0.000000 1.000000
# Camera 112
800.000000 0.000000 320.000000 0.000000 800.000000 240.000000 0.000000 0.000000 1.000000
# Camera 113
800.000000 0.000000 320.000000 0.000000 800.000000 240.000000 0.000000 0.000000 1.000000
# Camera 114
800.000000 0.000000 320.000000 0.000000 800.000000 240.000000 0.000000 0.000000 1.000000
# Camera 115
800.000000 0.000000 320.000000 0.000000 800.000000 240.000000 0.000000 0.000000 1.000000
# Camera 116
800.000000 0.000000 320.000000 0.000000 800.000000 240.000000 0.000000 0.000000 1.000000
# Camera 117
800.000000 0.000000 320.000000 0.000000 800.000000 240.000000 0.000000 0.000000 1.000000
# Camera 118
800.000000 0.000000 320.000000 0.000000 800.000000 240.000000 0.000000 0.000000 1.000000
# Camera 119
800.000000 0.000000 320.000000 0.000000 800.000000 240.000000 0.000000 0.000000 1.000000
# Camera 120
800.000000 0.000000 320.000000 0.000000 800.000000 240.000000 0.000000 0.000000 1.000000
# Camera 121
800.000000 0.000000 320.000000 0.000000 800.000000 240.000000 0.000000 0.000000 1.000000
# Camera 122
800.000000 0.000000 320.000000 0.000000 800.000000 240.000000 0.000000 0.000000 1.000000
# Camera 123
800.000000 0.000000 320.000000 0.000000 800.000000 240.000000 0.000000 0.000000 1.000000
# Camera 124
800.000000 0.000000 320.000000 0.000000 800.000000 240.000000 0.000000 0.000000 1.000000
# Camera 125
800.000000 0.000000 320.000000 0.000000 800.000000 240.000000 0.000000 0.000000 1.000000
# Camera 126
800.000000 0.000000 320.000000 0.000000 800.000000 240.000000 0.000000 0.000000 1.000000
# Camera 127
800.000000 0.000000 320.000000 0.000000 800.000000 240.000000 0.000000 0.000000 1.000000
# Camera 128
800.000000 0.000000 320.000000 0.000000 800.000000 240.000000 0.000000 0.000000 1.000000
# Camera 129
800.000000 0.000000 320.000000 0.000000 800.000000 240.000000 0.000000 0.000000 1.000000
# Camera 130
800.000000 0.000000 320.000000 0.000000 800.000000 240.000000 0.000000 0.000000 1.000000
# Camera 131
800.000000 0.000000 320.000000 0.000000 800.000000 240.000000 0.000000 0.000000 1.000000
# Camera 132
800.000000 0.000000 320.000000 0.000000 800.000000 240.000000 0.000000 0.000000 1.000000
# Camera 133
800.000000 0.000000 320.000000 0.000000 800.000000 240.000000 0.000000 0.000000 1.000000
# Camera 134
800.000000 0.000000 320.000000 0.000000 800.000000 240.000000 0.000000 0.000000 1.000000
# Camera 135
800.000000 0.000000 320.000000 0.000000 800.000000 240.000000 0.000000 0.000000 1.000000
# Camera 136
800.000000 0.000000 320.000000 0.000000 800.000000 240.000000 0.000000 0.000000 1.000000
# Camera 137
800.000000 0.000000 320.000000 0.000000 800.000000 240.000000 0.000000 0.000000 1.000000
# Camera 138
800.000000 0.000000 320.000000 0.000000 800.000000 240.000000 0.000000 0.000000 1.000000
# Camera 139
800.000000 0.000000 320.000000 0.000000 800.000000 240.000000 0.000000 0.000000 1.000000
# Camera 140
800.000000 0.000000 320.000000 0.000000 800.000000 240.000000 0.000000 0.000000 1.000000
# Camera 141
800.000000 0.000000 320.000000 0.000000 800.000000 240.000000 0.000000 0.000000 1.000000
# Camera 142
800.000000 0.000000 320.000000 0.000000 800.000000 240.000000 0.000000 0.000000 1.000000
# Camera 143
800.000000 0.000000 320.000000 0.000000 800.000000 240.000000 0.000000 0.000000 1.000000
# Camera 144
800.000000 0.000000 320.000000 0.000000 800.000000 240.000000 0.000000 0.000000 1.000000
# Camera 145
800.000000 0.000000 320.000000 0.000000 800.000000 240.000000 0.000000 0.000000 1.000000
# Camera 146
800.000000 0.000000 320.000000 0.000000 800.000000 240.000000 0.000000 0.000000 1.000000
# Camera 147
800.000000 0.000000 320.000000 0.000000 800.000000 240.000000 0.000000 0.000000 1.000000
# Camera 148
800.000000 0.000000 320.000000 0.000000 800.000000 240.000000 0.000000 0.000000 1.000000
# Camera 149
800.000000 0.000000 320.000000 0.000000 800.000000 240.000000 0.000000 0.000000 1.000000
# Camera 150
800.000000 0.000000 320.000000 0.000000 800.000000 240.000000 0.000000 0.000000 1.000000
# Camera 151
800.000000 0.000000 320.000000 0.000000 800.000000 240.000000 0.000000 0.000000 1.000000
# Camera 152
800.000000 0.000000 320.000000 0.000000 800.000000 240.000000 0.000000 0.000000 1.000000
# Camera 153
800.000000 0.000000 320.000000 0.000000 800.000000 240.000000 0.000000 0.000000 1.000000
# Camera 154
800.000000 0.000000 320.000000 0.000000 800.000000 240.000000 0.000000 0.000000 1.000000
# Camera 155
800.000000 0.000000 320.000000 0.000000 800.000000 240.000000 0.000000 0.000000 1.000000
# Camera 156
800.000000 0.000000 320.000000 0.000000 800.000000 240.000000 0.000000 0.000000 1.000000
# Camera 157
800.000000 0.000000 320.000000 0.000000 800.000000 240.000000 0.000000 0.000000 1.000000
# Camera 158
800.000000 0.000000 320.000000 0.000000 800.000000 240.000000 0.000000 0.000000 1.000000
# Camera 159
800.000000 0.000000 320.000000 0.000000 800.000000 240.000000 0.000000 0.000000 1.000000
# Camera 160
800.000000 0.000000 320.000000 0.000000 800.000000 240.000000 0.000000 0.000000 1.000000
# Camera 161
800.000000 0.000000 320.000000 0.000000 800.000000 240.000000 0.000000 0.000000 1.000000
# Camera 162
800.000000 0.000000 320.000000 0.000000 800.000000 240.000000 0.000000 0.000000 1.000000
# Camera 163
800.000000 0.000000 320.000000 0.000000 800.000000 240.000000 0.000000 0.000000 1.000000
# Camera 164
800.000000 0.000000 320.000000 0.000000 800.000000 240.000000 0.000000 0.000000 1.000000
# Camera 165
800.000000 0.000000 320.000000 0.000000 800.000000 240.000000 0.000000 0.000000 1.000000
# Camera 166
800.000000 0.000000 320.000000 0.000000 800.000000 240.000000 0.000000 0.000000 1.000000
# Camera 167
800.000000 0.000000 320.000000 0.000000 800.000000 240.000000 0.000000 0.000000 1.000000
# Camera 168
800.000000 0.000000 320.000000 0.000000 800.000000 240.000000 0.000000 0.000000 1.000000
# Camera 169
800.000000 0.000000 320.000000 0.000000 800.000000 240.000000 0.000000 0.000000 1.000000
# Camera 170
800.000000 0.000000 320.000000 0.000000 800.000000 240.000000 0.000000 0.000000 1.000000
# Camera 171
800.000000 0.000000 320.000000 0.000000 800.000000 240.000000 0.000000 0.000000 1.000000
# Camera 172
800.000000 0.000000 320.000000 0.000000 800.000000 240.000000 0.000000 0.000000 1.000000
# Camera 173
800.000000 0.000000 320.000000 0.000000 800.000000 240.000000 0.000000 0.000000 1.000000
# Camera 174
800.000000 0.000000 320.000000 0.000000 800.000000 240.000000 0.000000 0.000000 1.000000
# Camera 175
800.000000 0.000000 320.000000 0.000000 800.000000 240.000000 0.000000 0.000000 1.000000
# Camera 176
800.000000 0.000000 320.000000 0.000000 800.000000 240.000000 0.000000 0.000000 1.000000
# Camera 177
800.000000 0.000000 320.000000 0.000000 800.000000 240.000000 0.000000 0.000000 1.000000
# Camera 178
800.000000 0.000000 320.000000 0.000000 800.000000 240.000000 0.000000 0.000000 1.000000
# Camera 179
800.000000 0.000000 320.000000 0.000000 800.000000 240.000000 0.000000 0.000000 1.000000
# Camera 180
800.000000 0.000000 320.000000 0.000000 800.000000 240.000000 0.000000 0.000000 1.000000
