0.097306 0.995240 0.005375 -0.000099 -0.194787 0.024341 -0.980544 0.000020 -0.976007 0.094366 0.196228 -0.000011 0.000000 0.000000 0.000000 1.000000
0.100595 0.994928 -0.000046 0.002942 -0.190409 0.019206 -0.981517 0.003117 -0.976537 0.098744 0.191375 0.015861 0.000000 0.000000 0.000000 1.000000
0.097006 0.995284 0.000094 -0.017704 -0.191496 0.018757 -0.981314 0.034778 -0.976688 0.095176 0.192413 0.177309 0.000000 0.000000 0.000000 1.000000
0.097223 0.995263 -0.000020 -0.012352 -0.191811 0.018718 -0.981253 0.033432 -0.976604 0.095404 0.192722 0.170022 0.000000 0.000000 0.000000 1.000000
0.097343 0.995251 -0.000091 -0.010070 -0.191932 0.018682 -0.981230 0.028914 -0.976569 0.095533 0.192839 0.146889 0.000000 0.000000 0.000000 1.000000
0.097840 0.995202 -0.000141 -0.008597 -0.192037 0.018740 -0.981209 0.025899 -0.976498 0.096029 0.192949 0.131465 0.000000 0.000000 0.000000 1.000000
0.094084 0.995564 0.000175 0.082219 -0.191238 0.018245 -0.981374 -0.091237 -0.977024 0.092298 0.192107 -0.467052 0.000000 0.000000 0.000000 1.000000
0.167001 0.985957 0.000055 0.692229 -0.185644 0.031499 -0.982112 -0.857831 -0.968322 0.164003 0.188297 -2.862736 0.000000 0.000000 0.000000 1.000000
0.199867 0.979823 0.000003 1.285668 -0.184787 0.037697 -0.982055 -1.486834 -0.962241 0.196280 0.188593 -6.133097 0.000000 0.000000 0.000000 1.000000
0.230291 0.973122 0.000006 1.715582 -0.178464 0.042240 -0.983039 -2.182961 -0.956617 0.226384 0.183395 -10.046975 0.000000 0.000000 0.000000 1.000000
0.235150 0.971959 0.000008 1.732746 -0.179195 0.043361 -0.982858 -2.915789 -0.955298 0.231118 0.184366 -13.899724 0.000000 0.000000 0.000000 1.000000
0.240559 0.970634 -0.000001 1.662474 -0.190039 0.047097 -0.980646 -3.899649 -0.951849 0.235904 0.195788 -17.982531 0.000000 0.000000 0.000000 1.000000
0.249453 0.968387 -0.000002 1.698019 -0.181664 0.046794 -0.982247 -4.220587 -0.951195 0.245025 0.187594 -22.091913 0.000000 0.000000 0.000000 1.000000
0.245537 0.969387 0.000005 1.434418 -0.182710 0.046283 -0.982077 -5.269398 -0.952013 0.241135 0.188481 -27.456380 0.000000 0.000000 0.000000 1.000000
0.241348 0.970439 0.000001 1.156173 -0.189062 0.047021 -0.980839 -6.404541 -0.951844 0.236723 0.194821 -32.244975 0.000000 0.000000 0.000000 1.000000
0.235451 0.971886 -0.000011 0.752983 -0.196858 0.047680 -0.979272 -7.535014 -0.951740 0.230573 0.202550 -36.431128 0.000000 0.000000 0.000000 1.000000
0.226783 0.973945 0.000005 0.010061 -0.197478 0.045988 -0.979228 -8.722481 -0.953715 0.222072 0.202762 -42.131573 0.000000 0.000000 0.000000 1.000000
0.224281 0.974524 0.000001 -0.540081 -0.197618 0.045482 -0.979223 -9.978323 -0.954277 0.219621 0.202785 -48.179337 0.000000 0.000000 0.000000 1.000000
0.228171 0.973621 -0.000015 -0.780102 -0.212190 0.049713 -0.975963 -12.137670 -0.950218 0.222689 0.217936 -54.346636 0.000000 0.000000 0.000000 1.000000
0.235180 0.971952 -0.000004 -0.754587 -0.222991 0.053952 -0.973326 -14.166629 -0.946026 0.228908 0.229425 -60.102474 0.000000 0.000000 0.000000 1.000000
0.244947 0.969536 -0.000011 -0.520730 -0.229709 0.058023 -0.971528 -16.487095 -0.941931 0.237976 0.236924 -66.322793 0.000000 0.000000 0.000000 1.000000
0.235352 0.971910 -0.000001 -1.737924 -0.223770 0.054186 -0.973135 -18.335489 -0.945799 0.229029 0.230237 -73.543426 0.000000 0.000000 0.000000 1.000000
0.187912 0.982186 0.000003 -6.396932 -0.214965 0.041130 -0.975755 -19.443509 -0.958373 0.183355 0.218864 -81.134654 0.000000 0.000000 0.000000 1.000000
0.040805 0.999167 0.000005 -20.830938 -0.201353 0.008228 -0.979484 -19.883260 -0.978668 0.039966 0.201521 -87.603973 0.000000 0.000000 0.000000 1.000000
-0.152319 0.988331 0.000008 -40.510259 -0.194689 -0.029997 -0.980406 -20.170826 -0.968966 -0.149336 0.196986 -89.596076 0.000000 0.000000 0.000000 1.000000
-0.351744 0.936096 0.000088 -61.588121 -0.175208 -0.065744 -0.982334 -19.018749 -0.919554 -0.345545 0.187136 -86.817676 0.000000 0.000000 0.000000 1.000000
-0.523182 0.852221 -0.000052 -80.008678 -0.150961 -0.092736 -0.984180 -17.271449 -0.838744 -0.514898 0.177170 -80.478949 0.000000 0.000000 0.000000 1.000000
-0.674313 0.738446 -0.000060 -96.809970 -0.115681 -0.105714 -0.987645 -14.407341 -0.729328 -0.665975 0.156709 -71.383473 0.000000 0.000000 0.000000 1.000000
-0.760181 0.649711 0.000134 -107.255093 -0.111933 -0.130761 -0.985075 -14.588245 -0.639996 -0.748851 0.172126 -65.862419 0.000000 0.000000 0.000000 1.000000
-0.772984 0.634425 0.000761 -109.465741 -0.105793 -0.127716 -0.986152 -15.299104 -0.625543 -0.762360 0.165840 -71.006275 0.000000 0.000000 0.000000 1.000000
-0.759835 0.650116 0.000100 -107.727782 -0.102783 -0.119977 -0.987442 -16.328752 -0.641940 -0.750303 0.157983 -80.926545 0.000000 0.000000 0.000000 1.000000
-0.776529 0.630081 0.000141 -110.180647 -0.094301 -0.115998 -0.988763 -16.225600 -0.622985 -0.767816 0.149494 -84.993785 0.000000 0.000000 0.000000 1.000000
-0.795026 0.606575 0.000683 -113.516621 -0.089690 -0.116440 -0.989140 -16.217833 -0.599907 -0.786453 0.146976 -88.662465 0.000000 0.000000 0.000000 1.000000
-0.832041 0.554714 0.000959 -120.039460 -0.078550 -0.116109 -0.990126 -15.739770 -0.549125 -0.823900 0.140180 -89.611949 0.000000 0.000000 0.000000 1.000000
-0.885314 0.464993 0.000597 -129.940997 -0.066285 -0.124933 -0.989949 -15.114972 -0.460245 -0.876455 0.141427 -86.413790 0.000000 0.000000 0.000000 1.000000
-0.922584 0.385796 0.000661 -138.224617 -0.051021 -0.120312 -0.991424 -13.791977 -0.382408 -0.914706 0.130682 -83.908857 0.000000 0.000000 0.000000 1.000000
-0.962711 0.270529 0.001272 -149.295769 -0.030519 -0.103933 -0.994116 -10.738497 -0.268805 -0.957085 0.108314 -76.418258 0.000000 0.000000 0.000000 1.000000
-0.983597 0.180379 0.001040 -157.310795 -0.023524 -0.122556 -0.992183 -11.115110 -0.178842 -0.975932 0.124789 -71.468841 0.000000 0.000000 0.000000 1.000000
-0.990722 0.135905 -0.000039 -161.083513 -0.021091 -0.154029 -0.987841 -13.077368 -0.134258 -0.978675 0.155467 -73.298113 0.000000 0.000000 0.000000 1.000000
-0.989352 0.145540 0.000443 -160.686516 -0.022238 -0.148163 -0.988713 -14.059263 -0.143832 -0.978195 0.149821 -82.677631 0.000000 0.000000 0.000000 1.000000
-0.989187 0.146662 0.000093 -160.701867 -0.022056 -0.148135 -0.988721 -15.099591 -0.144994 -0.978032 0.149768 -89.565724 0.000000 0.000000 0.000000 1.000000
-0.987007 0.160675 0.000461 -159.707577 -0.025923 -0.156407 -0.987352 -17.220664 -0.158571 -0.974536 0.158540 -97.608023 0.000000 0.000000 0.000000 1.000000
-0.991872 0.127243 0.000320 -163.741050 -0.021333 -0.163810 -0.986261 -18.085757 -0.125442 -0.978251 0.165193 -98.803649 0.000000 0.000000 0.000000 1.000000
-0.997910 0.064627 0.000015 -170.846771 -0.010750 -0.165772 -0.986105 -17.516892 -0.063726 -0.984044 0.166120 -94.839339 0.000000 0.000000 0.000000 1.000000
-0.997998 0.063238 -0.000040 -171.651802 -0.010911 -0.172805 -0.984896 -19.056560 -0.062290 -0.982924 0.173150 -99.596988 0.000000 0.000000 0.000000 1.000000
-0.998057 0.062302 -0.000021 -172.129047 -0.011079 -0.177807 -0.984003 -20.122815 -0.061309 -0.982091 0.178152 -102.587211 0.000000 0.000000 0.000000 1.000000
-0.997507 0.070563 0.000060 -171.827906 -0.012668 -0.178240 -0.983905 -21.875299 -0.069417 -0.981454 0.178690 -110.244435 0.000000 0.000000 0.000000 1.000000
-0.996713 0.081009 0.000127 -171.489065 -0.014547 -0.177447 -0.984023 -23.609345 -0.079692 -0.980791 0.178042 -120.281820 0.000000 0.000000 0.000000 1.000000
-0.999268 0.038247 -0.000043 -178.380277 -0.006954 -0.182785 -0.983128 -24.852223 -0.037610 -0.982409 0.182917 -121.887899 0.000000 0.000000 0.000000 1.000000
-0.999616 0.027708 0.000018 -181.311504 -0.005172 -0.185946 -0.982546 -27.216375 -0.027221 -0.982169 0.186017 -129.036018 0.000000 0.000000 0.000000 1.000000
-0.999079 0.042910 -0.000035 -180.718355 -0.008070 -0.188694 -0.982003 -30.507482 -0.042144 -0.981098 0.188866 -142.474073 0.000000 0.000000 0.000000 1.000000
-0.998935 0.046144 0.000326 -181.898750 -0.009007 -0.188048 -0.982118 -33.232540 -0.045258 -0.981075 0.188264 -153.990292 0.000000 0.000000 0.000000 1.000000
-0.999070 0.043113 0.000029 -183.777254 -0.007837 -0.180951 -0.983461 -34.446187 -0.042395 -0.982547 0.181121 -165.228873 0.000000 0.000000 0.000000 1.000000
-0.999771 0.021380 -0.000016 -189.029187 -0.003661 -0.171910 -0.985106 -34.378942 -0.021065 -0.984881 0.171949 -172.200596 0.000000 0.000000 0.000000 1.000000
-0.998925 -0.046366 0.000038 -202.877992 0.007288 -0.157822 -0.987441 -31.669333 0.045790 -0.986378 0.157990 -170.990985 0.000000 0.000000 0.000000 1.000000
-0.993180 -0.116590 -0.000146 -216.892108 0.017443 -0.147348 -0.988931 -29.752763 0.115278 -0.982189 0.148377 -167.476905 0.000000 0.000000 0.000000 1.000000
-0.983129 -0.182914 0.000244 -230.105227 0.026167 -0.141959 -0.989527 -28.154986 0.181033 -0.972826 0.144350 -163.543195 0.000000 0.000000 0.000000 1.000000
-0.970606 -0.240675 0.000138 -241.421092 0.034364 -0.139153 -0.989675 -27.443867 0.238209 -0.960579 0.143333 -159.825933 0.000000 0.000000 0.000000 1.000000
-0.962357 -0.271788 0.000455 -248.106618 0.037256 -0.133577 -0.990338 -26.489635 0.269222 -0.953042 0.138675 -160.690678 0.000000 0.000000 0.000000 1.000000
-0.960829 -0.277142 0.000408 -250.080684 0.037983 -0.133140 -0.990369 -27.138284 0.274527 -0.951560 0.138452 -167.734006 0.000000 0.000000 0.000000 1.000000
-0.964502 -0.264061 0.002923 -250.441800 0.031648 -0.126573 -0.991452 -26.758231 0.262174 -0.956165 0.130437 -176.793892 0.000000 0.000000 0.000000 1.000000
-0.959628 -0.281272 0.000206 -252.700578 0.035998 -0.123544 -0.991686 -27.118332 0.278959 -0.951642 0.128682 -183.016881 0.000000 0.000000 0.000000 1.000000
-0.961055 -0.276356 0.000312 -252.565647 0.032944 -0.115686 -0.992739 -26.462226 0.274386 -0.954067 0.120285 -193.133249 0.000000 0.000000 0.000000 1.000000
-0.960349 -0.278802 0.000249 -254.021332 0.031182 -0.108298 -0.993629 -25.654829 0.277053 -0.954223 0.112698 -202.013943 0.000000 0.000000 0.000000 1.000000
-0.955700 -0.294342 0.000279 -258.563486 0.031199 -0.102242 -0.994270 -25.054021 0.292684 -0.950215 0.106896 -207.525100 0.000000 0.000000 0.000000 1.000000
-0.957249 -0.289264 0.000049 -258.515164 0.030924 -0.102501 -0.994252 -25.804967 0.287607 -0.951746 0.107064 -219.732351 0.000000 0.000000 0.000000 1.000000
-0.966352 -0.257225 0.000167 -251.835186 0.027190 -0.102793 -0.994331 -27.295974 0.255784 -0.960869 0.106328 -238.106840 0.000000 0.000000 0.000000 1.000000
-0.978573 -0.205900 0.000029 -239.257372 0.021448 -0.102074 -0.994546 -29.213324 0.204779 -0.973235 0.104303 -261.013163 0.000000 0.000000 0.000000 1.000000
-0.990016 -0.140954 0.000061 -221.869802 0.014224 -0.100336 -0.994852 -30.390457 0.140235 -0.984919 0.101339 -286.139567 0.000000 0.000000 0.000000 1.000000
-0.996257 -0.086445 0.000449 -206.578868 0.008514 -0.103289 -0.994615 -32.985590 0.086026 -0.990888 0.103638 -307.829332 0.000000 0.000000 0.000000 1.000000
-0.999512 -0.031220 0.000957 -190.053624 0.002530 -0.111479 -0.993764 -37.416206 0.031132 -0.993276 0.111504 -328.763590 0.000000 0.000000 0.000000 1.000000
-0.998519 0.054408 0.000597 -161.166492 -0.007680 -0.130073 -0.991475 -46.772729 -0.053866 -0.990011 0.130298 -353.893516 0.000000 0.000000 0.000000 1.000000
-0.991414 0.130763 0.000095 -133.285491 -0.017515 -0.132076 -0.991085 -50.768291 -0.129584 -0.982577 0.133233 -375.397466 0.000000 0.000000 0.000000 1.000000
-0.982779 0.184785 0.000400 -113.473755 -0.025205 -0.131903 -0.990942 -53.782845 -0.183059 -0.973887 0.134289 -392.407997 0.000000 0.000000 0.000000 1.000000
-0.968860 0.247607 0.000638 -89.107094 -0.035219 -0.135257 -0.990184 -58.944493 -0.245090 -0.959373 0.139765 -409.748631 0.000000 0.000000 0.000000 1.000000
-0.940626 0.339446 -0.000012 -48.235043 -0.048626 -0.134782 -0.989681 -63.230622 -0.335945 -0.930919 0.143286 -428.116415 0.000000 0.000000 0.000000 1.000000
-0.927955 0.372692 -0.000004 -33.636387 -0.050136 -0.124842 -0.990909 -61.120543 -0.369305 -0.919519 0.134533 -441.009592 0.000000 0.000000 0.000000 1.000000
-0.935598 0.353067 0.000124 -45.209522 -0.043970 -0.116169 -0.992256 -58.345089 -0.350318 -0.928358 0.124212 -454.200023 0.000000 0.000000 0.000000 1.000000
-0.926663 0.375892 0.000232 -36.181782 -0.046641 -0.114367 -0.992343 -60.375375 -0.372987 -0.919579 0.123511 -469.483468 0.000000 0.000000 0.000000 1.000000
-0.924706 0.380681 0.000030 -35.231850 -0.050130 -0.121692 -0.991301 -66.217667 -0.377366 -0.916664 0.131613 -482.357850 0.000000 0.000000 0.000000 1.000000
-0.931340 0.364150 -0.000024 -46.080299 -0.047089 -0.120500 -0.991596 -67.170548 -0.361093 -0.923512 0.129373 -495.884352 0.000000 0.000000 0.000000 1.000000
-0.932039 0.362358 -0.000048 -49.061564 -0.046139 -0.118808 -0.991845 -67.942799 -0.359409 -0.924436 0.127453 -509.111164 0.000000 0.000000 0.000000 1.000000
-0.926662 0.375895 0.000217 -43.973288 -0.049656 -0.121842 -0.991307 -72.590483 -0.372600 -0.918617 0.131572 -523.017015 0.000000 0.000000 0.000000 1.000000
-0.921868 0.387504 0.000042 -38.812740 -0.055072 -0.130906 -0.989864 -80.140904 -0.383571 -0.912526 0.142019 -536.569651 0.000000 0.000000 0.000000 1.000000
-0.916641 0.399711 0.000216 -33.261401 -0.054055 -0.123428 -0.990880 -78.598997 -0.396039 -0.908293 0.134745 -551.448893 0.000000 0.000000 0.000000 1.000000
-0.917219 0.398384 -0.000035 -35.244335 -0.053134 -0.122420 -0.991055 -79.401316 -0.394825 -0.909012 0.133454 -564.059963 0.000000 0.000000 0.000000 1.000000
-0.922097 0.386958 0.000136 -44.448652 -0.045159 -0.107264 -0.993204 -71.335539 -0.384314 -0.915837 0.116382 -578.179512 0.000000 0.000000 0.000000 1.000000
-0.923901 0.382631 0.000255 -49.124339 -0.038699 -0.092779 -0.994934 -63.443315 -0.380669 -0.919231 0.100526 -590.974844 0.000000 0.000000 0.000000 1.000000
-0.920462 0.390832 0.000017 -44.881188 -0.037157 -0.087467 -0.995474 -60.989511 -0.389062 -0.916297 0.095032 -603.568923 0.000000 0.000000 0.000000 1.000000
-0.918809 0.394702 0.000102 -43.788418 -0.035000 -0.081218 -0.996082 -57.868573 -0.393147 -0.915213 0.088438 -615.653797 0.000000 0.000000 0.000000 1.000000
-0.927316 0.374280 -0.000064 -58.793545 -0.033540 -0.083268 -0.995963 -59.525664 -0.372774 -0.923570 0.089769 -625.353750 0.000000 0.000000 0.000000 1.000000
-0.945971 0.324251 0.000135 -94.588764 -0.027679 -0.080336 -0.996383 -56.510488 -0.323068 -0.942554 0.084970 -631.850084 0.000000 0.000000 0.000000 1.000000
-0.975854 0.218425 0.000077 -167.350749 -0.017422 -0.077482 -0.996842 -52.747951 -0.217729 -0.972773 0.079416 -631.739487 0.000000 0.000000 0.000000 1.000000
-0.984509 0.175331 0.000015 -197.502086 -0.013940 -0.078190 -0.996841 -53.127395 -0.174776 -0.981400 0.079422 -636.147893 0.000000 0.000000 0.000000 1.000000
-0.991417 0.130735 0.000364 -229.095607 -0.010619 -0.077753 -0.996916 -52.329140 -0.130304 -0.988364 0.078474 -638.356526 0.000000 0.000000 0.000000 1.000000
-0.990092 0.140419 0.000474 -224.758088 -0.012105 -0.081995 -0.996559 -56.170062 -0.139897 -0.986691 0.082882 -652.363480 0.000000 0.000000 0.000000 1.000000
-0.982627 0.185570 0.002685 -199.569208 -0.018932 -0.085837 -0.996129 -61.622273 -0.184621 -0.978875 0.087859 -672.444352 0.000000 0.000000 0.000000 1.000000
-0.976113 0.217264 0.000749 -174.311102 -0.022883 -0.099380 -0.994786 -71.522067 -0.216057 -0.971041 0.101977 -689.325997 0.000000 0.000000 0.000000 1.000000
-0.890064 0.455835 0.000070 7.833160 -0.051870 -0.101128 -0.993520 -83.407044 -0.452874 -0.884301 0.113654 -717.814950 0.000000 0.000000 0.000000 1.000000
-0.660055 0.751218 -0.000237 275.842592 -0.080039 -0.070640 -0.994286 -72.734185 -0.746942 -0.656264 0.106753 -670.135040 0.000000 0.000000 0.000000 1.000000
-0.417535 0.908661 -0.000028 459.278719 -0.093823 -0.043143 -0.994654 -59.651381 -0.903804 -0.415300 0.103267 -568.148833 0.000000 0.000000 0.000000 1.000000
-0.125283 0.992121 -0.000115 612.647163 -0.110972 -0.014129 -0.993723 -46.722642 -0.985895 -0.124484 0.111868 -409.034974 0.000000 0.000000 0.000000 1.000000
0.002496 0.999997 0.000527 661.415837 -0.112319 0.000804 -0.993672 -38.223021 -0.993669 0.002421 0.112320 -334.068806 0.000000 0.000000 0.000000 1.000000
-0.048432 0.998827 0.000053 643.076341 -0.117463 -0.005643 -0.993061 -44.487146 -0.991896 -0.048102 0.117599 -371.825618 0.000000 0.000000 0.000000 1.000000
-0.097319 0.995253 -0.000119 624.714271 -0.118217 -0.011679 -0.992919 -49.277380 -0.988207 -0.096615 0.118792 -405.241807 0.000000 0.000000 0.000000 1.000000
-0.121856 0.992548 -0.000243 609.763274 -0.110623 -0.013825 -0.993766 -48.489973 -0.986364 -0.121069 0.111483 -432.170200 0.000000 0.000000 0.000000 1.000000
-0.150085 0.988673 -0.000545 595.293167 -0.104776 -0.016453 -0.994360 -48.720676 -0.983106 -0.149181 0.106058 -457.360008 0.000000 0.000000 0.000000 1.000000
-0.224674 0.974433 -0.001331 559.872763 -0.094991 -0.023261 -0.995206 -50.005013 -0.969793 -0.223471 0.097788 -506.406366 0.000000 0.000000 0.000000 1.000000
-0.289270 0.957247 -0.000548 518.061557 -0.095446 -0.029412 -0.995000 -55.077994 -0.952477 -0.287771 0.099873 -555.943638 0.000000 0.000000 0.000000 1.000000
-0.387185 0.922002 -0.000618 454.995931 -0.087600 -0.037453 -0.995451 -58.568031 -0.917831 -0.385369 0.095269 -617.061306 0.000000 0.000000 0.000000 1.000000
-0.487122 0.873334 -0.000021 378.294077 -0.086021 -0.048004 -0.995136 -65.922819 -0.869087 -0.484751 0.098509 -675.166206 0.000000 0.000000 0.000000 1.000000
-0.582973 0.812492 -0.000036 295.245035 -0.080676 -0.057930 -0.995056 -70.731464 -0.808476 -0.580088 0.099320 -724.498123 0.000000 0.000000 0.000000 1.000000
-0.643057 0.765819 -0.000069 235.946521 -0.077180 -0.064897 -0.994903 -74.776822 -0.761920 -0.639774 0.100839 -755.737273 0.000000 0.000000 0.000000 1.000000
-0.698121 0.715980 -0.000008 175.812597 -0.072521 -0.070723 -0.994856 -77.575666 -0.712298 -0.694529 0.101297 -781.551877 0.000000 0.000000 0.000000 1.000000
-0.762149 0.647402 0.000026 97.809185 -0.065820 -0.077447 -0.994821 -79.974603 -0.644047 -0.758204 0.101638 -805.856697 0.000000 0.000000 0.000000 1.000000
-0.810359 0.585933 -0.000015 31.451749 -0.062166 -0.086002 -0.994354 -84.867361 -0.582626 -0.805783 0.106118 -821.484217 0.000000 0.000000 0.000000 1.000000
-0.853144 0.521675 -0.000102 -34.975975 -0.057006 -0.093422 -0.993993 -88.562356 -0.518551 -0.848014 0.109441 -831.436755 0.000000 0.000000 0.000000 1.000000
-0.885687 0.464282 0.000132 -93.130245 -0.049461 -0.094071 -0.994336 -85.935196 -0.461640 -0.880677 0.106282 -836.869349 0.000000 0.000000 0.000000 1.000000
-0.918148 0.396237 -0.000012 -158.617890 -0.048106 -0.111501 -0.992599 -98.463070 -0.393306 -0.911353 0.121436 -835.348342 0.000000 0.000000 0.000000 1.000000
-0.942438 0.334381 0.000198 -217.601199 -0.043093 -0.120871 -0.991732 -103.532621 -0.331592 -0.934655 0.128323 -831.562769 0.000000 0.000000 0.000000 1.000000
-0.952833 0.303494 0.000081 -247.687342 -0.031939 -0.100008 -0.994474 -84.183612 -0.301809 -0.947570 0.104984 -837.120210 0.000000 0.000000 0.000000 1.000000
-0.940781 0.339015 0.000117 -219.180592 -0.035343 -0.097737 -0.994584 -85.071211 -0.337168 -0.935690 0.103931 -856.237060 0.000000 0.000000 0.000000 1.000000
-0.916206 0.400708 0.000193 -164.147759 -0.046432 -0.105688 -0.993315 -97.084542 -0.398009 -0.910090 0.115438 -877.346023 0.000000 0.000000 0.000000 1.000000
-0.884959 0.465668 0.000232 -102.915407 -0.051779 -0.097904 -0.993848 -94.791425 -0.462781 -0.879527 0.110753 -896.919563 0.000000 0.000000 0.000000 1.000000
-0.850064 0.526679 0.000046 -41.830303 -0.059314 -0.095647 -0.993647 -98.343880 -0.523328 -0.844666 0.112545 -911.810368 0.000000 0.000000 0.000000 1.000000
-0.809013 0.587790 0.000044 22.854604 -0.069018 -0.094919 -0.993090 -103.573472 -0.583724 -0.803426 0.117359 -921.782849 0.000000 0.000000 0.000000 1.000000
-0.744481 0.667644 0.000054 115.093974 -0.082437 -0.091844 -0.992355 -109.764631 -0.662535 -0.738793 0.123415 -924.526600 0.000000 0.000000 0.000000 1.000000
-0.697588 0.716499 -0.000136 175.311361 -0.086247 -0.084159 -0.992713 -106.300277 -0.711289 -0.692493 0.120504 -925.162638 0.000000 0.000000 0.000000 1.000000
-0.644312 0.764762 -0.000086 238.342148 -0.095185 -0.080305 -0.992215 -109.901479 -0.758816 -0.639288 0.124536 -920.628895 0.000000 0.000000 0.000000 1.000000
-0.572456 0.819936 -0.000403 318.923990 -0.103068 -0.072446 -0.992033 -108.910207 -0.813432 -0.567853 0.125981 -905.265870 0.000000 0.000000 0.000000 1.000000
-0.510704 0.859756 -0.000036 380.287888 -0.107913 -0.064143 -0.992089 -106.281490 -0.852957 -0.506660 0.125537 -890.378255 0.000000 0.000000 0.000000 1.000000
-0.467130 0.884189 0.000049 421.130014 -0.100044 -0.052800 -0.993581 -94.259323 -0.878510 -0.464137 0.113122 -880.821708 0.000000 0.000000 0.000000 1.000000
-0.457223 0.889352 0.000015 427.634465 -0.095255 -0.048955 -0.994248 -89.394302 -0.884236 -0.454595 0.107099 -885.156621 0.000000 0.000000 0.000000 1.000000
-0.446154 0.894956 0.000030 434.672691 -0.100847 -0.050241 -0.993633 -94.479368 -0.889256 -0.443317 0.112669 -887.335018 0.000000 0.000000 0.000000 1.000000
-0.435781 0.900052 -0.000216 441.347441 -0.107977 -0.052518 -0.992765 -100.750446 -0.893552 -0.432605 0.120072 -888.910364 0.000000 0.000000 0.000000 1.000000
-0.432646 0.901564 -0.000056 440.302434 -0.115196 -0.055342 -0.991800 -108.029602 -0.894174 -0.429092 0.127800 -894.244814 0.000000 0.000000 0.000000 1.000000
-0.445654 0.895205 -0.000096 425.088661 -0.108830 -0.054284 -0.992577 -104.094671 -0.888565 -0.442336 0.121617 -906.467794 0.000000 0.000000 0.000000 1.000000
-0.454967 0.890508 0.000022 413.319313 -0.113201 -0.057810 -0.991889 -110.118302 -0.883284 -0.451279 0.127108 -913.554485 0.000000 0.000000 0.000000 1.000000
-0.463142 0.886284 -0.000178 402.670686 -0.120485 -0.063160 -0.990704 -118.470822 -0.878056 -0.458815 0.136037 -919.867297 0.000000 0.000000 0.000000 1.000000
-0.468944 0.883228 -0.000240 393.600460 -0.126262 -0.067307 -0.989711 -126.127501 -0.874156 -0.464089 0.143081 -927.852920 0.000000 0.000000 0.000000 1.000000
-0.467605 0.883937 -0.000332 390.755064 -0.125828 -0.066936 -0.989791 -125.975242 -0.874936 -0.462790 0.142524 -935.278675 0.000000 0.000000 0.000000 1.000000
-0.492461 0.870334 -0.000511 363.581046 -0.134767 -0.076836 -0.987894 -142.404619 -0.859837 -0.486430 0.155131 -950.124507 0.000000 0.000000 0.000000 1.000000
-0.559898 0.828562 0.000002 277.640845 -0.127493 -0.086151 -0.988091 -145.801262 -0.818694 -0.553230 0.153871 -985.789582 0.000000 0.000000 0.000000 1.000000
-0.625452 0.780262 -0.000369 192.253959 -0.122198 -0.098420 -0.987614 -154.173894 -0.770634 -0.617660 0.156904 -1012.827191 0.000000 0.000000 0.000000 1.000000
-0.672385 0.740202 -0.000281 122.954232 -0.114199 -0.104112 -0.987987 -155.349955 -0.731339 -0.664276 0.154534 -1031.738275 0.000000 0.000000 0.000000 1.000000
-0.702742 0.711445 -0.000045 73.293828 -0.116612 -0.115248 -0.986468 -165.792026 -0.701823 -0.693228 0.163952 -1043.034739 0.000000 0.000000 0.000000 1.000000
-0.730218 0.683214 0.000044 26.527034 -0.113123 -0.120842 -0.986205 -169.389512 -0.673784 -0.720150 0.165528 -1053.849055 0.000000 0.000000 0.000000 1.000000
-0.755058 0.655659 -0.000002 -17.002451 -0.101197 -0.116541 -0.988017 -158.925795 -0.647802 -0.746009 0.154346 -1064.309790 0.000000 0.000000 0.000000 1.000000
-0.797608 0.603176 -0.000010 -94.543507 -0.093350 -0.123458 -0.987949 -160.621569 -0.595909 -0.787995 0.154778 -1069.706275 0.000000 0.000000 0.000000 1.000000
-0.837515 0.546415 0.000030 -173.980070 -0.081523 -0.124899 -0.988815 -154.216021 -0.540299 -0.828149 0.149150 -1070.262330 0.000000 0.000000 0.000000 1.000000
-0.873121 0.487504 -0.000023 -252.058791 -0.073244 -0.131228 -0.988643 -154.738731 -0.481970 -0.863203 0.150284 -1064.232416 0.000000 0.000000 0.000000 1.000000
-0.901372 0.433046 0.000162 -323.015416 -0.065341 -0.135635 -0.988602 -153.742444 -0.428088 -0.891108 0.150553 -1056.300696 0.000000 0.000000 0.000000 1.000000
-0.921024 0.389507 0.000526 -380.860052 -0.057159 -0.133820 -0.989356 -148.083304 -0.385290 -0.911250 0.145515 -1048.805226 0.000000 0.000000 0.000000 1.000000
-0.943022 0.332730 -0.000034 -445.857411 -0.049690 -0.140931 -0.988772 -149.680985 -0.328998 -0.932432 0.149434 -1033.776948 0.000000 0.000000 0.000000 1.000000
-0.964648 0.263543 0.000111 -525.841710 -0.036958 -0.134859 -0.990175 -136.194413 -0.260939 -0.955174 0.139832 -1008.915136 0.000000 0.000000 0.000000 1.000000
-0.979752 0.200216 0.000584 -595.525484 -0.031195 -0.149768 -0.988229 -144.709932 -0.197772 -0.968237 0.152981 -979.231893 0.000000 0.000000 0.000000 1.000000
-0.987003 0.160665 0.003471 -648.645747 -0.027360 -0.146718 -0.988800 -138.812418 -0.158356 -0.976043 0.149207 -957.118711 0.000000 0.000000 0.000000 1.000000
-0.993017 0.117967 0.001214 -685.488706 -0.018979 -0.149592 -0.988566 -137.481094 -0.116436 -0.981685 0.150787 -943.082931 0.000000 0.000000 0.000000 1.000000
-0.998032 0.062697 0.000570 -739.553150 -0.010142 -0.152455 -0.988258 -134.829455 -0.061874 -0.986320 0.152791 -913.804895 0.000000 0.000000 0.000000 1.000000
-0.999992 0.001373 0.003730 -807.558055 -0.003890 -0.145664 -0.989327 -122.188963 -0.000815 -0.989333 0.145668 -868.631464 0.000000 0.000000 0.000000 1.000000
-0.997517 -0.070419 0.000314 -864.414902 0.010196 -0.148829 -0.988810 -118.492958 0.069678 -0.986352 0.149177 -825.492046 0.000000 0.000000 0.000000 1.000000
-0.990598 -0.136806 0.000249 -921.714587 0.019492 -0.142940 -0.989539 -107.325023 0.135410 -0.980231 0.144263 -776.919701 0.000000 0.000000 0.000000 1.000000
-0.986099 -0.166028 0.006623 -970.188805 0.017449 -0.143109 -0.989553 -103.216113 0.165241 -0.975682 0.144017 -730.082133 0.000000 0.000000 0.000000 1.000000
-0.994224 -0.102826 0.030734 -1003.431459 -0.015424 -0.146495 -0.989091 -100.949177 0.106206 -0.983853 0.144062 -698.460298 0.000000 0.000000 0.000000 1.000000
-0.966674 -0.255991 0.003087 -1030.263810 0.034235 -0.141209 -0.989388 -94.212784 0.253710 -0.956310 0.145267 -673.910808 0.000000 0.000000 0.000000 1.000000
-0.959530 -0.281607 0.000641 -1044.942640 0.040710 -0.140965 -0.989177 -93.320888 0.278649 -0.949119 0.146724 -666.613605 0.000000 0.000000 0.000000 1.000000
-0.954391 -0.298559 0.000793 -1058.735000 0.043308 -0.141068 -0.989052 -92.705586 0.295402 -0.943908 0.147564 -660.430167 0.000000 0.000000 0.000000 1.000000
-0.948919 -0.315518 0.000399 -1074.608200 0.045320 -0.137549 -0.989458 -89.786281 0.312247 -0.938898 0.144822 -650.442840 0.000000 0.000000 0.000000 1.000000
-0.940816 -0.338917 0.000364 -1093.311100 0.049200 -0.137638 -0.989260 -88.502707 0.335327 -0.930694 0.146167 -635.476443 0.000000 0.000000 0.000000 1.000000
-0.939907 -0.341424 0.002139 -1102.680849 0.046622 -0.134548 -0.989810 -87.497346 0.338232 -0.930229 0.142380 -634.189792 0.000000 0.000000 0.000000 1.000000
-0.925979 -0.377575 0.000082 -1126.350989 0.055642 -0.136675 -0.989052 -85.682940 0.373452 -0.915837 0.147567 -607.676575 0.000000 0.000000 0.000000 1.000000
-0.906168 -0.422918 0.000707 -1158.815828 0.061712 -0.133881 -0.989074 -78.857045 0.418392 -0.896223 0.147418 -561.796162 0.000000 0.000000 0.000000 1.000000
-0.890681 -0.454628 0.000615 -1184.281579 0.069378 -0.137258 -0.988103 -77.208671 0.449303 -0.880042 0.153794 -523.647054 0.000000 0.000000 0.000000 1.000000
-0.879408 -0.476068 0.000666 -1198.959449 0.070951 -0.132446 -0.988648 -73.140709 0.470752 -0.869377 0.150252 -505.978819 0.000000 0.000000 0.000000 1.000000
-0.872257 -0.489048 -0.000433 -1208.034679 0.073777 -0.130712 -0.988671 -72.499388 0.483451 -0.862408 0.150095 -502.338799 0.000000 0.000000 0.000000 1.000000
-0.906138 -0.422835 0.011139 -1195.842131 0.052920 -0.139456 -0.988813 -82.936026 0.419658 -0.895412 0.148742 -545.952386 0.000000 0.000000 0.000000 1.000000
-0.904436 -0.426604 0.002182 -1179.718490 0.064109 -0.140970 -0.987936 -90.654744 0.421765 -0.893385 0.154847 -596.215959 0.000000 0.000000 0.000000 1.000000
-0.917200 -0.398426 0.001023 -1161.270010 0.059144 -0.138691 -0.988568 -96.580976 0.394013 -0.906654 0.150772 -647.549981 0.000000 0.000000 0.000000 1.000000
-0.932515 -0.361128 0.001376 -1137.188819 0.050791 -0.134923 -0.989553 -100.323457 0.357541 -0.922704 0.144160 -704.187360 0.000000 0.000000 0.000000 1.000000
-0.935306 -0.353837 0.000998 -1132.917579 0.046037 -0.124487 -0.991153 -95.446263 0.350831 -0.926985 0.132723 -727.810690 0.000000 0.000000 0.000000 1.000000
-0.935104 -0.354370 0.001723 -1143.037769 0.048658 -0.133210 -0.989893 -103.696058 0.351018 -0.925568 0.141808 -729.565677 0.000000 0.000000 0.000000 1.000000
-0.932821 -0.360340 0.000886 -1148.072609 0.045862 -0.121161 -0.991573 -95.776904 0.357411 -0.924919 0.129547 -740.598825 0.000000 0.000000 0.000000 1.000000
-0.927521 -0.373770 0.001076 -1162.115829 0.044354 -0.112923 -0.992613 -88.640815 0.371131 -0.920622 0.121317 -736.165503 0.000000 0.000000 0.000000 1.000000
-0.922221 -0.386663 0.000754 -1175.464199 0.045720 -0.110981 -0.992770 -87.323556 0.383951 -0.915519 0.120028 -732.129059 0.000000 0.000000 0.000000 1.000000
-0.921640 -0.388045 0.000962 -1181.554829 0.044047 -0.107080 -0.993274 -85.077815 0.385538 -0.915399 0.115782 -738.827864 0.000000 0.000000 0.000000 1.000000
-0.930687 -0.365816 0.000844 -1168.052749 0.041520 -0.107923 -0.993292 -89.305866 0.363453 -0.924409 0.115631 -775.039871 0.000000 0.000000 0.000000 1.000000
-0.947502 -0.319750 0.000910 -1131.265689 0.038127 -0.115807 -0.992540 -102.165287 0.317470 -0.940398 0.121918 -840.682778 0.000000 0.000000 0.000000 1.000000
-0.961517 -0.274745 0.000582 -1091.791620 0.036544 -0.129990 -0.990842 -121.463703 0.272305 -0.952690 0.135028 -903.693086 0.000000 0.000000 0.000000 1.000000
-0.977604 -0.210435 0.002686 -1039.813199 0.025311 -0.130239 -0.991159 -129.805921 0.208924 -0.968894 0.132649 -976.085096 0.000000 0.000000 0.000000 1.000000
-0.986935 -0.161118 0.000608 -983.389178 0.022398 -0.140936 -0.989765 -148.380819 0.159555 -0.976820 0.142703 -1043.644139 0.000000 0.000000 0.000000 1.000000
-0.995436 -0.095430 0.000206 -913.163692 0.013066 -0.138422 -0.990287 -154.783420 0.094532 -0.985765 0.139037 -1117.048370 0.000000 0.000000 0.000000 1.000000
-0.998510 -0.054570 0.000038 -869.512753 0.007162 -0.131739 -0.991259 -153.290035 0.054098 -0.989781 0.131934 -1163.325447 0.000000 0.000000 0.000000 1.000000
-0.998485 -0.055032 0.000353 -873.530994 0.006997 -0.133308 -0.991050 -155.782952 0.054586 -0.989546 0.133491 -1172.283136 0.000000 0.000000 0.000000 1.000000
-0.999408 -0.034390 0.000192 -850.151988 0.004554 -0.137854 -0.990442 -164.614861 0.034088 -0.989855 0.137929 -1199.077310 0.000000 0.000000 0.000000 1.000000
-0.999504 -0.031497 0.000116 -848.909722 0.004662 -0.151596 -0.988432 -182.887946 0.031150 -0.987941 0.151667 -1206.993959 0.000000 0.000000 0.000000 1.000000
-0.997891 -0.064919 -0.000152 -890.064992 0.010841 -0.164321 -0.986347 -195.310790 0.064007 -0.984268 0.164678 -1184.588620 0.000000 0.000000 0.000000 1.000000
-0.993808 -0.111107 0.000483 -947.006108 0.017842 -0.163881 -0.986319 -189.271326 0.109666 -0.980203 0.164849 -1149.934939 0.000000 0.000000 0.000000 1.000000
-0.992806 -0.119732 0.000304 -960.023255 0.017323 -0.146149 -0.989111 -169.667753 0.118472 -0.981990 0.147171 -1153.014186 0.000000 0.000000 0.000000 1.000000
-0.994237 -0.107206 0.000640 -947.868218 0.015835 -0.152758 -0.988137 -180.643082 0.106032 -0.982432 0.153575 -1171.954183 0.000000 0.000000 0.000000 1.000000
-0.994180 -0.107735 0.000239 -946.238225 0.016721 -0.156486 -0.987539 -186.516849 0.106429 -0.981787 0.157376 -1183.441859 0.000000 0.000000 0.000000 1.000000
-0.992820 -0.119614 0.000348 -962.176738 0.018656 -0.157719 -0.987308 -187.924871 0.118151 -0.980213 0.158818 -1181.251858 0.000000 0.000000 0.000000 1.000000
-0.993474 -0.114034 0.002269 -966.313645 0.015750 -0.156862 -0.987495 -189.210193 0.112964 -0.981015 0.157635 -1188.210219 0.000000 0.000000 0.000000 1.000000
-0.991622 -0.129169 0.000652 -976.789602 0.019252 -0.152785 -0.988072 -183.772100 0.127728 -0.979782 0.153991 -1191.011747 0.000000 0.000000 0.000000 1.000000
-0.992981 -0.118193 0.004492 -978.302301 0.013751 -0.153080 -0.988118 -187.733137 0.117476 -0.981120 0.153630 -1200.082903 0.000000 0.000000 0.000000 1.000000
-0.989683 -0.143277 0.000054 -994.766627 0.022163 -0.153460 -0.987906 -186.370750 0.141553 -0.977712 0.155052 -1196.479980 0.000000 0.000000 0.000000 1.000000
-0.987141 -0.159855 0.000224 -1016.956299 0.025467 -0.158648 -0.987007 -191.893818 0.157813 -0.974309 0.160679 -1187.759188 0.000000 0.000000 0.000000 1.000000
-0.989964 -0.141318 -0.000133 -994.723101 0.022630 -0.157598 -0.987244 -195.190464 0.139494 -0.977339 0.159215 -1216.252840 0.000000 0.000000 0.000000 1.000000
-0.991230 -0.132150 0.000473 -985.472545 0.020600 -0.158051 -0.987216 -197.685534 0.130535 -0.978548 0.159387 -1232.208309 0.000000 0.000000 0.000000 1.000000
-0.987987 -0.154539 -0.000088 -1015.566609 0.024129 -0.153699 -0.987823 -190.876907 0.152644 -0.975958 0.155581 -1216.089867 0.000000 0.000000 0.000000 1.000000
-0.987521 -0.157490 0.000146 -1018.668018 0.024331 -0.153482 -0.987852 -190.583504 0.155600 -0.975520 0.155399 -1218.016588 0.000000 0.000000 0.000000 1.000000
-0.989556 -0.144126 0.002505 -1009.747210 0.021374 -0.163894 -0.986246 -205.607468 0.142554 -0.975893 0.165263 -1227.912719 0.000000 0.000000 0.000000 1.000000
-0.992181 -0.124808 0.000740 -981.030811 0.019854 -0.163680 -0.986314 -209.490864 0.123221 -0.978587 0.164878 -1258.267986 0.000000 0.000000 0.000000 1.000000
-0.993623 -0.112751 0.000833 -965.810416 0.017959 -0.165550 -0.986038 -215.125603 0.111315 -0.979735 0.166519 -1278.876267 0.000000 0.000000 0.000000 1.000000
-0.993394 -0.114755 0.000612 -968.233426 0.019128 -0.170840 -0.985113 -223.481307 0.113151 -0.978593 0.171907 -1286.010019 0.000000 0.000000 0.000000 1.000000
-0.992776 -0.119977 0.000937 -977.670928 0.018754 -0.162892 -0.986466 -214.182237 0.118506 -0.979322 0.163965 -1290.954347 0.000000 0.000000 0.000000 1.000000
-0.992963 -0.118421 0.000886 -978.284467 0.017587 -0.154850 -0.987781 -205.625640 0.117111 -0.980815 0.155843 -1304.495066 0.000000 0.000000 0.000000 1.000000
-0.994800 -0.101847 0.000783 -955.693978 0.014787 -0.152039 -0.988264 -206.153208 0.100771 -0.983113 0.152755 -1333.046127 0.000000 0.000000 0.000000 1.000000
-0.999348 -0.030117 0.019916 -944.523091 -0.015241 -0.148199 -0.988840 -211.289074 0.032733 -0.988499 0.147643 -1350.982920 0.000000 0.000000 0.000000 1.000000
-0.995214 -0.097724 0.000283 -950.355783 0.015309 -0.158762 -0.987198 -218.856577 0.096518 -0.982469 0.159498 -1357.609670 0.000000 0.000000 0.000000 1.000000
-0.994686 -0.102957 0.000197 -958.403595 0.016279 -0.159163 -0.987118 -220.610155 0.101662 -0.981869 0.159993 -1361.940119 0.000000 0.000000 0.000000 1.000000
-0.994007 -0.109313 0.000758 -969.435810 0.016132 -0.153539 -0.988011 -212.875790 0.108119 -0.982078 0.154382 -1365.269777 0.000000 0.000000 0.000000 1.000000
-0.993232 -0.116150 0.000330 -978.928845 0.018033 -0.157012 -0.987432 -218.551851 0.114742 -0.980743 0.158044 -1368.126080 0.000000 0.000000 0.000000 1.000000
-0.991876 -0.127208 0.000220 -995.456976 0.020330 -0.160224 -0.986871 -223.250816 0.125573 -0.978849 0.161509 -1365.296539 0.000000 0.000000 0.000000 1.000000
-0.993576 -0.113012 0.005844 -1006.536169 0.011865 -0.155393 -0.987782 -220.096841 0.112539 -0.981367 0.155735 -1367.203723 0.000000 0.000000 0.000000 1.000000
-0.991697 -0.128597 0.000404 -999.891645 0.020950 -0.164663 -0.986127 -231.852044 0.126879 -0.977931 0.165990 -1379.812959 0.000000 0.000000 0.000000 1.000000
-0.993069 -0.117530 -0.000015 -984.257148 0.020065 -0.169412 -0.985341 -241.747364 0.115805 -0.978512 0.170596 -1398.545430 0.000000 0.000000 0.000000 1.000000
-0.992924 -0.118750 -0.000093 -987.158619 0.020829 -0.173391 -0.984633 -248.569356 0.116909 -0.977668 0.174638 -1401.758340 0.000000 0.000000 0.000000 1.000000
-0.992868 -0.119216 -0.000138 -988.242553 0.021082 -0.174439 -0.984442 -250.873107 0.117337 -0.977425 0.175708 -1406.022160 0.000000 0.000000 0.000000 1.000000
-0.990993 -0.133915 0.000212 -1010.718280 0.021851 -0.163264 -0.986340 -233.118601 0.132121 -0.977452 0.164719 -1398.805109 0.000000 0.000000 0.000000 1.000000
-0.990330 -0.138731 0.000523 -1018.669770 0.022273 -0.162712 -0.986422 -232.463376 0.136932 -0.976872 0.164228 -1398.633669 0.000000 0.000000 0.000000 1.000000
-0.990377 -0.138397 0.000044 -1018.018639 0.023208 -0.166393 -0.985786 -238.512207 0.136437 -0.976299 0.168004 -1401.396449 0.000000 0.000000 0.000000 1.000000
-0.991000 -0.133859 0.000326 -1012.231880 0.022145 -0.166345 -0.985819 -239.139423 0.132015 -0.976940 0.167812 -1408.332389 0.000000 0.000000 0.000000 1.000000
-0.991854 -0.127380 0.000125 -1003.110900 0.022453 -0.175793 -0.984171 -254.711045 0.125386 -0.976151 0.177221 -1417.009090 0.000000 0.000000 0.000000 1.000000
-0.990934 -0.134348 -0.000001 -1014.370850 0.024440 -0.180259 -0.983316 -261.585028 0.132106 -0.974401 0.181908 -1415.121240 0.000000 0.000000 0.000000 1.000000
-0.989552 -0.144174 -0.000036 -1029.619290 0.027094 -0.185721 -0.982229 -269.809853 0.141605 -0.971968 0.187687 -1411.612040 0.000000 0.000000 0.000000 1.000000
-0.993113 -0.117160 0.000146 -991.636974 0.023774 -0.202737 -0.978945 -300.791825 0.114722 -0.972199 0.204126 -1442.041169 0.000000 0.000000 0.000000 1.000000
-0.994367 -0.105992 0.000153 -975.587140 0.022845 -0.215729 -0.976186 -324.638459 0.103501 -0.970684 0.216935 -1458.434810 0.000000 0.000000 0.000000 1.000000
-0.994775 -0.102093 0.000142 -970.574596 0.023374 -0.229102 -0.973122 -347.914134 0.099382 -0.968034 0.230291 -1466.789350 0.000000 0.000000 0.000000 1.000000
-0.994392 -0.105760 0.000049 -977.019153 0.024291 -0.228848 -0.973159 -349.609195 0.102933 -0.967700 0.230134 -1473.324340 0.000000 0.000000 0.000000 1.000000
-0.994509 -0.104654 0.000011 -976.336112 0.023668 -0.225020 -0.974067 -346.975213 0.101942 -0.968717 0.226261 -1485.737960 0.000000 0.000000 0.000000 1.000000
-0.994533 -0.104425 0.000016 -976.961880 0.024214 -0.230765 -0.972708 -359.009387 0.101578 -0.967390 0.232032 -1494.750640 0.000000 0.000000 0.000000 1.000000
-0.993928 -0.110029 -0.000066 -986.709550 0.025826 -0.232715 -0.972202 -363.955599 0.106956 -0.966301 0.234143 -1499.009440 0.000000 0.000000 0.000000 1.000000
-0.994914 -0.100728 -0.000078 -973.116073 0.024699 -0.243201 -0.969661 -385.662301 0.097653 -0.964732 0.244452 -1515.925730 0.000000 0.000000 0.000000 1.000000
-0.993603 -0.112933 0.000036 -993.820578 0.027030 -0.238128 -0.970857 -378.363481 0.109650 -0.964646 0.239658 -1518.243040 0.000000 0.000000 0.000000 1.000000
-0.992585 -0.121550 0.000057 -1010.810639 0.027981 -0.228953 -0.973035 -366.907641 0.118285 -0.965819 0.230656 -1525.993948 0.000000 0.000000 0.000000 1.000000
-0.990295 -0.138980 0.000325 -1040.053240 0.029176 -0.210172 -0.977229 -337.518242 0.135884 -0.967736 0.212187 -1528.781229 0.000000 0.000000 0.000000 1.000000
-0.982528 -0.186093 0.002711 -1128.076800 0.033036 -0.188719 -0.981475 -297.855250 0.183157 -0.964238 0.191569 -1487.231260 0.000000 0.000000 0.000000 1.000000
-0.745082 -0.666973 -0.000001 -1752.306440 0.058763 -0.065643 -0.996111 -71.763297 0.664379 -0.742185 0.088102 -739.208474 0.000000 0.000000 0.000000 1.000000
-0.760932 -0.648831 0.000992 -1745.940240 0.048941 -0.058922 -0.997062 -67.387792 0.646983 -0.758648 0.076590 -785.372954 0.000000 0.000000 0.000000 1.000000
-0.993408 -0.114636 -0.000062 -1004.180260 0.017149 -0.148075 -0.988828 -251.787479 0.113346 -0.982310 0.149064 -1625.052370 0.000000 0.000000 0.000000 1.000000
-0.992035 -0.125960 0.000030 -1023.675910 0.020240 -0.159639 -0.986968 -270.801969 0.124323 -0.979106 0.160917 -1621.181760 0.000000 0.000000 0.000000 1.000000
-0.992439 -0.122741 0.000021 -1018.208240 0.018505 -0.149800 -0.988543 -256.677360 0.121338 -0.981068 0.150939 -1637.080450 0.000000 0.000000 0.000000 1.000000
-0.994813 -0.101725 0.000078 -982.929677 0.015104 -0.148471 -0.988801 -258.789089 0.100597 -0.983671 0.149237 -1668.187690 0.000000 0.000000 0.000000 1.000000
-0.994992 -0.099957 -0.000006 -979.665392 0.015031 -0.149562 -0.988638 -262.515648 0.098820 -0.983687 0.150316 -1679.876240 0.000000 0.000000 0.000000 1.000000
-0.994408 -0.105605 0.000007 -989.151110 0.016111 -0.151770 -0.988284 -267.053564 0.104368 -0.982758 0.152623 -1683.609560 0.000000 0.000000 0.000000 1.000000
-0.995298 -0.096860 0.000084 -974.108658 0.015699 -0.162176 -0.986637 -287.479761 0.095579 -0.981996 0.162934 -1698.286110 0.000000 0.000000 0.000000 1.000000
-0.994888 -0.100982 0.000095 -981.290406 0.016672 -0.165179 -0.986123 -293.779960 0.099597 -0.981080 0.166018 -1702.866620 0.000000 0.000000 0.000000 1.000000
-0.993837 -0.110849 0.000489 -999.897001 0.016420 -0.151575 -0.988309 -269.979675 0.109628 -0.982211 0.152461 -1705.642209 0.000000 0.000000 0.000000 1.000000
-0.993788 -0.111285 0.000379 -1000.085380 0.016596 -0.151566 -0.988308 -271.554878 0.110041 -0.982163 0.152471 -1715.843000 0.000000 0.000000 0.000000 1.000000
-0.994704 -0.102779 0.000454 -985.525458 0.013424 -0.134295 -0.990851 -243.503390 0.101900 -0.985597 0.134963 -1738.636949 0.000000 0.000000 0.000000 1.000000
-0.995569 -0.094037 0.000241 -969.065525 0.010919 -0.118143 -0.992937 -216.797238 0.093401 -0.988534 0.118646 -1760.406709 0.000000 0.000000 0.000000 1.000000
-0.995601 -0.093690 0.001179 -972.045478 0.009453 -0.112954 -0.993555 -208.026148 0.093219 -0.989173 0.113343 -1769.693676 0.000000 0.000000 0.000000 1.000000
-0.993762 -0.111523 0.000077 -999.611540 0.013859 -0.124181 -0.992163 -227.386270 0.110658 -0.985972 0.124952 -1760.550350 0.000000 0.000000 0.000000 1.000000
-0.968208 -0.250148 0.000333 -1240.875420 0.021393 -0.084130 -0.996225 -146.178362 0.249232 -0.964546 0.086807 -1618.808759 0.000000 0.000000 0.000000 1.000000
-0.541984 -0.840388 0.001117 -2020.188140 0.016052 -0.011681 -0.999803 -12.035349 0.840236 -0.541859 0.019820 -344.989162 0.000000 0.000000 0.000000 1.000000
-0.328665 -0.944447 0.000149 -2047.679420 0.001294 -0.000608 -0.999999 -4.699621 0.944446 -0.328664 0.001422 126.631965 0.000000 0.000000 0.000000 1.000000
-0.011348 -0.999936 0.000018 -1905.404770 0.014679 -0.000185 -0.999892 6.717203 0.999828 -0.011347 0.014681 769.211043 0.000000 0.000000 0.000000 1.000000
0.502933 -0.864325 -0.000086 -1249.521580 0.084090 0.049029 -0.995251 154.915730 0.860225 0.500538 0.097340 1626.726180 0.000000 0.000000 0.000000 1.000000
0.652159 -0.758082 -0.000042 -933.210687 0.091630 0.078882 -0.992664 217.516436 0.752524 0.647371 0.120907 1817.736320 0.000000 0.000000 0.000000 1.000000
0.701977 -0.712200 -0.000200 -807.539450 0.093891 0.092822 -0.991246 244.492379 0.705984 0.695813 0.132028 1869.934376 0.000000 0.000000 0.000000 1.000000
0.717401 -0.696661 0.000067 -766.989636 0.088938 0.091491 -0.991826 239.051431 0.690960 0.711543 0.127595 1882.072472 0.000000 0.000000 0.000000 1.000000
0.733365 -0.679835 0.000108 -723.664602 0.086876 0.093560 -0.991816 240.680142 0.674261 0.727372 0.127675 1891.996280 0.000000 0.000000 0.000000 1.000000
0.811400 -0.584492 -0.000003 -484.563808 0.074390 0.103274 -0.991867 248.209193 0.579739 0.804801 0.127276 1958.488750 0.000000 0.000000 0.000000 1.000000
0.905677 -0.423967 -0.000057 -112.958071 0.055092 0.117821 -0.991505 258.654876 0.420373 0.897981 0.130065 2005.686320 0.000000 0.000000 0.000000 1.000000
0.971984 -0.235048 0.000041 289.625497 0.033904 0.140033 -0.989566 283.583662 0.232590 0.961844 0.144079 1975.948090 0.000000 0.000000 0.000000 1.000000
0.997317 -0.073207 -0.000031 609.918499 0.011637 0.158958 -0.987217 302.585701 0.072276 0.984568 0.159383 1889.839531 0.000000 0.000000 0.000000 1.000000
0.999830 0.018416 -0.000174 780.612741 -0.003323 0.171065 -0.985254 313.393958 -0.018114 0.985088 0.171097 1814.896996 0.000000 0.000000 0.000000 1.000000
0.999973 0.007366 -0.000264 758.772507 -0.001559 0.176399 -0.984318 323.272296 -0.007204 0.984291 0.176406 1813.278745 0.000000 0.000000 0.000000 1.000000
0.999819 0.019027 -0.000274 781.819427 -0.003558 0.172792 -0.984952 313.064946 -0.018693 0.984775 0.172828 1793.945730 0.000000 0.000000 0.000000 1.000000
0.997207 0.074690 -0.000061 879.111007 -0.011819 0.156991 -0.987529 274.572023 -0.073749 0.984772 0.157435 1741.870891 0.000000 0.000000 0.000000 1.000000
0.996440 0.084301 -0.000207 893.966023 -0.012579 0.146258 -0.989167 253.163762 -0.083357 0.985648 0.146798 1724.751220 0.000000 0.000000 0.000000 1.000000
0.996707 0.081081 -0.000065 888.623052 -0.012241 0.149686 -0.988658 257.145545 -0.080152 0.985403 0.150185 1715.215970 0.000000 0.000000 0.000000 1.000000
0.998507 0.054627 -0.000151 842.416041 -0.008490 0.152449 -0.988275 263.640548 -0.053963 0.986800 0.152685 1728.096021 0.000000 0.000000 0.000000 1.000000
0.998741 0.050170 -0.000092 834.119340 -0.008093 0.159299 -0.987197 274.359130 -0.049513 0.985955 0.159505 1720.639480 0.000000 0.000000 0.000000 1.000000
0.998637 0.052194 0.000018 837.165991 -0.009298 0.178243 -0.983943 305.300908 -0.051359 0.982601 0.178485 1705.376570 0.000000 0.000000 0.000000 1.000000
0.998495 0.054850 -0.000123 841.229634 -0.010373 0.186629 -0.982376 318.513182 -0.053861 0.980898 0.186917 1692.472270 0.000000 0.000000 0.000000 1.000000
0.984550 0.175103 -0.000315 1041.577850 -0.031026 0.172678 -0.984490 277.398808 -0.172333 0.969289 0.175443 1575.750400 0.000000 0.000000 0.000000 1.000000
0.775976 0.630763 -0.000000 1683.280970 -0.098274 0.120898 -0.987788 134.161625 -0.623060 0.766500 0.155802 877.754989 0.000000 0.000000 0.000000 1.000000
0.470866 0.882205 -0.000018 1891.787820 -0.155064 0.082743 -0.984433 24.123524 -0.868470 0.463539 0.175759 160.914596 0.000000 0.000000 0.000000 1.000000
0.230876 0.972983 0.000076 1866.883770 -0.182285 0.043330 -0.982291 -66.289700 -0.955756 0.226773 0.187364 -321.709345 0.000000 0.000000 0.000000 1.000000
0.036106 0.999348 0.000547 1762.799660 -0.196463 0.007634 -0.980481 -141.537948 -0.979846 0.035293 0.196611 -679.052190 0.000000 0.000000 0.000000 1.000000
-0.059783 0.998211 -0.000410 1686.879990 -0.199720 -0.012364 -0.979775 -178.768943 -0.978028 -0.058492 0.200102 -846.425097 0.000000 0.000000 0.000000 1.000000
0.013948 0.999902 -0.001059 1745.792569 -0.194795 0.001679 -0.980843 -151.499513 -0.980745 0.013887 0.194799 -732.632043 0.000000 0.000000 0.000000 1.000000
0.194574 0.980888 -0.000064 1853.635000 -0.177882 0.035222 -0.983421 -84.159709 -0.964624 0.191360 0.181336 -421.374569 0.000000 0.000000 0.000000 1.000000
0.490082 0.871676 -0.000241 1898.439890 -0.139256 0.078021 -0.987178 19.374809 -0.860481 0.483832 0.159623 161.486203 0.000000 0.000000 0.000000 1.000000
0.766574 0.642156 -0.000034 1722.197340 -0.086817 0.103585 -0.990824 103.759879 -0.636260 0.759543 0.135155 812.081182 0.000000 0.000000 0.000000 1.000000
0.914259 0.405129 0.000040 1432.073980 -0.050590 0.114263 -0.992162 150.420150 -0.401958 0.907091 0.124962 1250.468530 0.000000 0.000000 0.000000 1.000000
0.974960 0.222380 -0.000094 1166.984240 -0.028337 0.123818 -0.991900 184.708386 -0.220567 0.967066 0.127019 1495.554260 0.000000 0.000000 0.000000 1.000000
0.996203 0.087057 0.000023 952.455123 -0.010284 0.117950 -0.992966 188.156402 -0.086448 0.989196 0.118397 1637.462410 0.000000 0.000000 0.000000 1.000000
0.999850 -0.017307 -0.000057 778.205719 0.002096 0.124321 -0.992240 208.923636 0.017179 0.992091 0.124339 1720.728571 0.000000 0.000000 0.000000 1.000000
0.999962 -0.008719 0.000526 785.818847 0.001620 0.125932 -0.992038 209.680055 0.008583 0.992001 0.125942 1711.764698 0.000000 0.000000 0.000000 1.000000
0.999998 0.001452 0.001223 798.576795 0.001024 0.129956 -0.991519 215.962905 -0.001599 0.991519 0.129955 1697.684342 0.000000 0.000000 0.000000 1.000000
0.999993 0.003747 -0.000042 813.430032 -0.000566 0.139997 -0.990152 231.931441 -0.003704 0.990145 0.139998 1680.099581 0.000000 0.000000 0.000000 1.000000
0.999623 0.027462 0.000017 852.813146 -0.004022 0.147034 -0.989123 240.209697 -0.027166 0.988750 0.147089 1650.791061 0.000000 0.000000 0.000000 1.000000
0.999635 0.027032 0.000200 833.063542 -0.003791 0.147506 -0.989054 239.506083 -0.026766 0.988692 0.147554 1650.853034 0.000000 0.000000 0.000000 1.000000
0.999726 0.023391 -0.000243 844.731377 -0.003720 0.148739 -0.988869 242.874670 -0.023095 0.988600 0.148785 1634.798640 0.000000 0.000000 0.000000 1.000000
0.998586 0.053168 0.000003 894.497266 -0.007181 0.134927 -0.990829 214.677316 -0.052681 0.989428 0.135118 1600.885570 0.000000 0.000000 0.000000 1.000000
0.997906 0.064676 0.000336 910.352463 -0.008330 0.133671 -0.990991 209.482776 -0.064138 0.988913 0.133929 1581.914913 0.000000 0.000000 0.000000 1.000000
0.997724 0.067437 -0.000168 913.429138 -0.009218 0.133907 -0.990951 209.994058 -0.066804 0.988697 0.134224 1569.249722 0.000000 0.000000 0.000000 1.000000
0.998231 0.059453 -0.000211 900.747185 -0.008270 0.135331 -0.990766 212.508703 -0.058875 0.989015 0.135584 1565.472933 0.000000 0.000000 0.000000 1.000000
0.999672 0.025592 0.000044 849.253680 -0.003135 0.124173 -0.992256 196.579541 -0.025399 0.991931 0.124212 1585.754320 0.000000 0.000000 0.000000 1.000000
0.999946 0.010353 -0.000094 823.631999 -0.001546 0.140403 -0.990093 224.292882 -0.010237 0.990040 0.140412 1585.185491 0.000000 0.000000 0.000000 1.000000
0.999952 0.009802 -0.000067 822.767081 -0.001405 0.136561 -0.990631 216.953665 -0.009701 0.990583 0.136568 1577.167182 0.000000 0.000000 0.000000 1.000000
0.999916 0.012947 0.000374 822.706333 -0.001558 0.148917 -0.988849 235.730443 -0.012859 0.988765 0.148924 1566.102219 0.000000 0.000000 0.000000 1.000000
0.999986 0.005203 -0.000127 815.365220 -0.001013 0.170677 -0.985326 270.445977 -0.005105 0.985313 0.170680 1557.062710 0.000000 0.000000 0.000000 1.000000
0.999998 0.002039 0.000079 810.063652 -0.000300 0.185023 -0.982734 292.288954 -0.002019 0.982732 0.185023 1550.139902 0.000000 0.000000 0.000000 1.000000
0.999930 0.011803 0.000100 825.634161 -0.002125 0.188372 -0.982095 294.834556 -0.011610 0.982027 0.188384 1537.879910 0.000000 0.000000 0.000000 1.000000
0.999896 0.014427 -0.000134 829.875259 -0.002842 0.187906 -0.982183 294.330783 -0.014144 0.982081 0.187927 1532.946401 0.000000 0.000000 0.000000 1.000000
0.999781 0.020919 0.000097 834.287227 -0.003722 0.182436 -0.983211 283.985933 -0.020585 0.982995 0.182474 1529.050520 0.000000 0.000000 0.000000 1.000000
0.999989 -0.004618 -0.000097 797.954945 0.000766 0.186547 -0.982446 293.426470 0.004555 0.982435 0.186549 1540.280304 0.000000 0.000000 0.000000 1.000000
1.000000 0.000007 -0.000138 805.863289 -0.000137 0.178101 -0.984012 277.902671 0.000018 0.984012 0.178101 1530.675141 0.000000 0.000000 0.000000 1.000000
0.999996 0.002932 -0.000053 810.228832 -0.000543 0.167367 -0.985894 259.047270 -0.002882 0.985890 0.167368 1522.481542 0.000000 0.000000 0.000000 1.000000
0.999804 0.019806 -0.000135 836.586232 -0.003419 0.165868 -0.986142 253.014579 -0.019509 0.985949 0.165903 1498.948671 0.000000 0.000000 0.000000 1.000000
0.999233 0.039157 0.000969 856.272196 -0.005418 0.162665 -0.986666 242.888168 -0.038793 0.985904 0.162752 1479.801319 0.000000 0.000000 0.000000 1.000000
0.999583 0.028860 0.000075 850.488175 -0.004460 0.157033 -0.987583 234.421675 -0.028513 0.987172 0.157097 1474.554100 0.000000 0.000000 0.000000 1.000000
0.999629 0.027249 -0.000187 845.543207 -0.004534 0.159567 -0.987177 237.916836 -0.026869 0.986811 0.159631 1467.572402 0.000000 0.000000 0.000000 1.000000
0.999502 0.031557 0.000204 850.263594 -0.005042 0.166081 -0.986099 244.177618 -0.031153 0.985607 0.166157 1454.150464 0.000000 0.000000 0.000000 1.000000
0.999171 0.040717 -0.000322 865.950027 -0.006741 0.157595 -0.987481 230.535739 -0.040156 0.986664 0.157738 1437.120121 0.000000 0.000000 0.000000 1.000000
0.998991 0.044913 -0.000274 870.401604 -0.007168 0.153413 -0.988136 222.612006 -0.044339 0.987141 0.153580 1426.051493 0.000000 0.000000 0.000000 1.000000
0.999708 0.024165 -0.000233 841.439324 -0.004054 0.158196 -0.987399 230.171554 -0.023824 0.987112 0.158247 1431.698471 0.000000 0.000000 0.000000 1.000000
0.999938 0.011148 -0.000088 822.134492 -0.001690 0.143828 -0.989601 209.055831 -0.011020 0.989540 0.143838 1434.821491 0.000000 0.000000 0.000000 1.000000
0.999839 0.017928 0.000027 819.228174 -0.002616 0.147385 -0.989076 210.156433 -0.017736 0.988917 0.147408 1425.344899 0.000000 0.000000 0.000000 1.000000
0.999774 0.021243 -0.000016 837.250617 -0.003113 0.145768 -0.989314 207.497020 -0.021013 0.989091 0.145801 1405.076110 0.000000 0.000000 0.000000 1.000000
0.999535 0.030483 0.000165 849.302871 -0.004160 0.141769 -0.989891 198.920277 -0.030198 0.989430 0.141830 1389.003523 0.000000 0.000000 0.000000 1.000000
0.999543 0.030218 -0.000047 848.679468 -0.004617 0.151210 -0.988491 211.663166 -0.029863 0.988040 0.151281 1378.595520 0.000000 0.000000 0.000000 1.000000
0.999821 0.018941 0.000080 833.622025 -0.002713 0.147383 -0.989076 206.371176 -0.018746 0.988898 0.147408 1381.843330 0.000000 0.000000 0.000000 1.000000
0.999809 0.019560 0.000447 833.797744 -0.002449 0.147770 -0.989019 206.791669 -0.019411 0.988828 0.147789 1376.802833 0.000000 0.000000 0.000000 1.000000
0.999769 0.021510 0.000163 836.380384 -0.003038 0.148719 -0.988875 207.035060 -0.021295 0.988646 0.148750 1371.834483 0.000000 0.000000 0.000000 1.000000
0.999739 0.022863 -0.000189 838.210420 -0.003561 0.147510 -0.989054 204.752067 -0.022585 0.988796 0.147553 1365.050110 0.000000 0.000000 0.000000 1.000000
0.999865 0.016398 -0.000627 829.244440 -0.003028 0.146801 -0.989161 204.198346 -0.016128 0.989030 0.146831 1361.530852 0.000000 0.000000 0.000000 1.000000
0.999947 0.010243 -0.000365 818.963462 -0.001838 0.144214 -0.989545 199.818075 -0.010083 0.989493 0.144226 1358.253393 0.000000 0.000000 0.000000 1.000000
0.999994 0.003323 -0.000315 811.119177 -0.000802 0.147363 -0.989082 203.407453 -0.003240 0.989077 0.147365 1353.170210 0.000000 0.000000 0.000000 1.000000
0.999924 0.012306 0.000752 812.706267 -0.000901 0.133742 -0.991016 180.835513 -0.012296 0.990940 0.133743 1345.356824 0.000000 0.000000 0.000000 1.000000
0.999713 0.023935 0.001077 830.475162 -0.002017 0.128845 -0.991663 172.318609 -0.023875 0.991376 0.128856 1325.210968 0.000000 0.000000 0.000000 1.000000
0.999273 0.038122 -0.000090 856.865950 -0.005232 0.134809 -0.990858 178.106026 -0.037761 0.990138 0.134911 1296.302770 0.000000 0.000000 0.000000 1.000000
0.998761 0.049770 -0.000141 871.280296 -0.006623 0.130106 -0.991478 169.653601 -0.049327 0.990250 0.130274 1276.314511 0.000000 0.000000 0.000000 1.000000
0.998798 0.049011 0.000061 869.863247 -0.006551 0.134721 -0.990862 173.809680 -0.048572 0.989671 0.134880 1265.839871 0.000000 0.000000 0.000000 1.000000
0.999352 0.035997 0.000024 853.855093 -0.004821 0.134501 -0.990902 173.659097 -0.035673 0.990259 0.134587 1266.942080 0.000000 0.000000 0.000000 1.000000
0.999818 0.019076 -0.000191 832.192047 -0.002658 0.129403 -0.991589 168.403550 -0.018890 0.991409 0.129430 1272.196260 0.000000 0.000000 0.000000 1.000000
0.999991 0.004180 -0.000467 812.319124 -0.001011 0.131018 -0.991379 171.614982 -0.004083 0.991371 0.131021 1275.798253 0.000000 0.000000 0.000000 1.000000
0.999914 -0.012835 0.002570 748.474921 0.004225 0.130593 -0.991427 164.533311 0.012390 0.991353 0.130636 1306.608336 0.000000 0.000000 0.000000 1.000000
0.990203 -0.139632 0.000052 623.198084 0.017899 0.126555 -0.991798 177.228821 0.138481 0.982083 0.127814 1362.057360 0.000000 0.000000 0.000000 1.000000
0.980011 -0.198942 0.000126 538.915993 0.028126 0.137925 -0.990043 196.993607 0.196944 0.970257 0.140764 1389.024988 0.000000 0.000000 0.000000 1.000000
0.976582 -0.215147 0.000709 515.790746 0.032848 0.145846 -0.988762 214.702883 0.212625 0.965630 0.149497 1392.430417 0.000000 0.000000 0.000000 1.000000
0.969582 -0.244766 0.000528 470.292407 0.038325 0.149681 -0.987991 222.135155 0.241748 0.957959 0.154509 1402.524118 0.000000 0.000000 0.000000 1.000000
0.960036 -0.279875 0.000231 419.666503 0.048230 0.164627 -0.985176 248.394975 0.275688 0.945816 0.171547 1406.729688 0.000000 0.000000 0.000000 1.000000
0.957492 -0.288460 -0.000225 405.486932 0.047015 0.156827 -0.986506 235.163778 0.284603 0.944561 0.163722 1405.621932 0.000000 0.000000 0.000000 1.000000
0.965995 -0.258561 0.000080 451.927548 0.042720 0.159298 -0.986306 232.687842 0.255008 0.952770 0.164927 1383.380872 0.000000 0.000000 0.000000 1.000000
0.975227 -0.221205 -0.000074 504.058910 0.036007 0.159075 -0.986610 226.661498 0.218255 0.962166 0.163099 1357.034085 0.000000 0.000000 0.000000 1.000000
0.989060 -0.147515 -0.000111 586.282967 0.023500 0.158308 -0.987110 212.311835 0.145631 0.976308 0.160043 1316.353254 0.000000 0.000000 0.000000 1.000000
0.994962 -0.100248 0.000038 661.989041 0.015625 0.154701 -0.987838 202.619910 0.099023 0.982862 0.155488 1272.386384 0.000000 0.000000 0.000000 1.000000
0.998097 -0.061668 -0.000526 715.030588 0.009170 0.156833 -0.987583 199.674595 0.060984 0.985698 0.157100 1233.441351 0.000000 0.000000 0.000000 1.000000
0.999164 -0.040881 -0.000399 734.411677 0.006097 0.158650 -0.987316 197.291448 0.040425 0.986488 0.158766 1212.869178 0.000000 0.000000 0.000000 1.000000
0.999697 -0.024598 -0.000589 758.619802 0.003187 0.153167 -0.988195 187.523019 0.024398 0.987894 0.153199 1189.095731 0.000000 0.000000 0.000000 1.000000
0.999953 0.009736 -0.000442 799.804365 -0.001954 0.155878 -0.987774 184.171713 -0.009548 0.987728 0.155889 1151.707631 0.000000 0.000000 0.000000 1.000000
0.999413 0.034265 -0.000410 826.723527 -0.005685 0.153988 -0.988056 177.687983 -0.033792 0.987478 0.154092 1123.787733 0.000000 0.000000 0.000000 1.000000
0.999357 0.035865 -0.000462 828.359630 -0.005923 0.152305 -0.988316 173.847399 -0.035375 0.987683 0.152420 1112.769731 0.000000 0.000000 0.000000 1.000000
0.998948 0.045850 -0.000559 838.037784 -0.006977 0.139950 -0.990134 157.652260 -0.045320 0.989096 0.140123 1097.490462 0.000000 0.000000 0.000000 1.000000
0.998442 0.055804 0.000180 848.181792 -0.007131 0.130785 -0.991385 144.048306 -0.055347 0.989839 0.130979 1081.146623 0.000000 0.000000 0.000000 1.000000
0.998246 0.059209 0.000342 853.170586 -0.006540 0.115998 -0.993228 125.698356 -0.058848 0.991483 0.116181 1067.097541 0.000000 0.000000 0.000000 1.000000
0.997587 0.069422 0.000639 848.464002 -0.007407 0.115570 -0.993272 123.112889 -0.069029 0.990870 0.115805 1060.417180 0.000000 0.000000 0.000000 1.000000
0.998250 0.059139 -0.000079 852.484434 -0.006525 0.108805 -0.994042 116.633471 -0.058778 0.992302 0.109001 1047.262092 0.000000 0.000000 0.000000 1.000000
0.996542 0.083088 -0.000411 875.198917 -0.009021 0.103280 -0.994611 108.283270 -0.082598 0.991176 0.103672 1018.172594 0.000000 0.000000 0.000000 1.000000
0.991269 0.131855 -0.000091 922.776313 -0.012965 0.096781 -0.995221 97.133230 -0.131216 0.986533 0.097645 965.258434 0.000000 0.000000 0.000000 1.000000
0.979097 0.203392 -0.000356 991.160690 -0.020861 0.098676 -0.994901 92.747668 -0.202320 0.974112 0.100856 884.178561 0.000000 0.000000 0.000000 1.000000
0.972620 0.232403 -0.000007 1015.743182 -0.024809 0.103799 -0.994289 93.535777 -0.231075 0.967065 0.106722 844.289445 0.000000 0.000000 0.000000 1.000000
0.971870 0.235518 -0.000022 1018.641521 -0.026297 0.108421 -0.993757 96.421239 -0.234046 0.965803 0.111565 829.470469 0.000000 0.000000 0.000000 1.000000
0.972013 0.234929 -0.000045 1017.172900 -0.028044 0.115839 -0.992872 102.358109 -0.233249 0.965085 0.119185 819.865712 0.000000 0.000000 0.000000 1.000000
0.976507 0.215484 0.000992 990.203107 -0.025158 0.118580 -0.992626 105.201667 -0.214012 0.969281 0.121215 841.578893 0.000000 0.000000 0.000000 1.000000
0.984644 0.174562 0.002271 938.005583 -0.023542 0.145660 -0.989055 134.937334 -0.172982 0.973813 0.147533 885.946087 0.000000 0.000000 0.000000 1.000000
0.995721 0.092413 0.000708 884.923754 -0.011996 0.136850 -0.990519 133.061415 -0.091633 0.986272 0.137373 929.397379 0.000000 0.000000 0.000000 1.000000
0.998221 0.059617 0.000848 853.895629 -0.007175 0.134229 -0.990924 133.372932 -0.059190 0.989155 0.134418 947.748861 0.000000 0.000000 0.000000 1.000000
0.998425 0.056104 -0.000213 853.981640 -0.007705 0.133362 -0.991037 131.654592 -0.055573 0.989478 0.133585 936.862186 0.000000 0.000000 0.000000 1.000000
0.998425 0.056094 -0.000516 854.668885 -0.008100 0.135068 -0.990803 132.061398 -0.055508 0.989247 0.135310 926.239608 0.000000 0.000000 0.000000 1.000000
0.999035 0.043915 -0.000399 841.920704 -0.006522 0.139383 -0.990217 136.274113 -0.043430 0.989264 0.139535 925.945989 0.000000 0.000000 0.000000 1.000000
0.999824 0.018780 -0.000193 816.047481 -0.002708 0.133976 -0.990981 132.609814 -0.018584 0.990807 0.134003 938.692773 0.000000 0.000000 0.000000 1.000000
0.999785 -0.020741 -0.000072 772.742380 0.002625 0.129968 -0.991515 130.675679 0.020574 0.991301 0.129994 964.094235 0.000000 0.000000 0.000000 1.000000
0.996568 -0.082783 -0.000082 716.772827 0.010804 0.131049 -0.991317 137.644213 0.082075 0.987913 0.131494 995.093432 0.000000 0.000000 0.000000 1.000000
0.988431 -0.151668 -0.000329 649.472817 0.020063 0.132897 -0.990927 145.615044 0.150335 0.979457 0.134403 1029.251704 0.000000 0.000000 0.000000 1.000000
0.974218 -0.225610 -0.000117 570.990617 0.029159 0.126427 -0.991547 144.745160 0.223718 0.965980 0.129746 1064.304213 0.000000 0.000000 0.000000 1.000000
0.955361 -0.295441 0.000101 493.399913 0.038195 0.123173 -0.991650 147.247912 0.292962 0.947388 0.128959 1090.911322 0.000000 0.000000 0.000000 1.000000
0.927760 -0.373177 -0.000144 402.176704 0.047932 0.119545 -0.991671 151.104168 0.370086 0.920026 0.128796 1115.768982 0.000000 0.000000 0.000000 1.000000
0.897686 -0.440636 -0.000060 317.502193 0.057947 0.118187 -0.991299 156.485018 0.436809 0.889872 0.131629 1131.253368 0.000000 0.000000 0.000000 1.000000
0.853528 -0.521047 -0.000020 214.422228 0.074067 0.121367 -0.989840 170.129069 0.515756 0.844855 0.142182 1141.765011 0.000000 0.000000 0.000000 1.000000
0.811775 -0.583970 0.000072 125.765741 0.084413 0.117220 -0.989512 170.239327 0.577837 0.803268 0.144450 1143.990621 0.000000 0.000000 0.000000 1.000000
0.767887 -0.640586 -0.000022 45.480204 0.092387 0.110782 -0.989541 172.656977 0.633889 0.759853 0.144250 1139.415785 0.000000 0.000000 0.000000 1.000000
0.719079 -0.694928 -0.000007 -37.373123 0.097351 0.100745 -0.990138 166.521690 0.688075 0.711987 0.140096 1131.014533 0.000000 0.000000 0.000000 1.000000
0.665176 -0.746687 0.000014 -121.340771 0.106477 0.094835 -0.989782 167.157872 0.739056 0.658381 0.142587 1116.035231 0.000000 0.000000 0.000000 1.000000
0.609650 -0.792671 -0.000306 -199.579852 0.115898 0.089520 -0.989219 166.248656 0.784152 0.603041 0.146445 1094.743638 0.000000 0.000000 0.000000 1.000000
0.557894 -0.829912 0.000036 -269.879032 0.119218 0.080099 -0.989632 162.110990 0.821305 0.552114 0.143627 1070.367962 0.000000 0.000000 0.000000 1.000000
0.503172 -0.864186 -0.000591 -334.167848 0.127162 0.074716 -0.989064 159.663982 0.854779 0.497594 0.147487 1043.339768 0.000000 0.000000 0.000000 1.000000
0.431677 -0.902028 -0.000425 -417.647296 0.133119 0.064171 -0.989020 155.336326 0.892151 0.426881 0.147778 1002.719135 0.000000 0.000000 0.000000 1.000000
0.360354 -0.932816 -0.000127 -493.665827 0.141707 0.054877 -0.988386 153.803627 0.921989 0.356151 0.151961 957.958112 0.000000 0.000000 0.000000 1.000000
0.305751 -0.952111 -0.000281 -546.966666 0.141749 0.045812 -0.988842 144.317990 0.941501 0.302300 0.148967 919.222035 0.000000 0.000000 0.000000 1.000000
0.264277 -0.964447 -0.000324 -582.713142 0.153583 0.042417 -0.987225 149.128102 0.952139 0.260852 0.159333 885.571985 0.000000 0.000000 0.000000 1.000000
0.210347 -0.977627 -0.000320 -633.209428 0.150803 0.032770 -0.988020 138.085771 0.965926 0.207778 0.154322 841.565964 0.000000 0.000000 0.000000 1.000000
0.125409 -0.992105 -0.000256 -703.882720 0.153611 0.019673 -0.987936 128.035856 0.980141 0.123856 0.154866 773.849385 0.000000 0.000000 0.000000 1.000000
0.048961 -0.998801 -0.000531 -762.661725 0.167965 0.008758 -0.985754 127.470942 0.984576 0.048174 0.168193 706.123378 0.000000 0.000000 0.000000 1.000000
-0.006049 -0.999976 -0.003430 -789.680030 0.177666 0.002301 -0.984088 127.112402 0.984072 -0.006562 0.177648 667.471126 0.000000 0.000000 0.000000 1.000000
0.000526 -1.000000 -0.000020 -795.275198 0.177401 0.000113 -0.984139 125.676366 0.984138 0.000514 0.177401 655.842705 0.000000 0.000000 0.000000 1.000000
-0.003107 -0.999995 -0.000411 -796.151930 0.183280 -0.000165 -0.983061 128.467629 0.983056 -0.003129 0.183279 651.939200 0.000000 0.000000 0.000000 1.000000
-0.005159 -0.999987 0.000103 -794.123341 0.178649 -0.001023 -0.983912 125.459873 0.983899 -0.005058 0.178652 651.892508 0.000000 0.000000 0.000000 1.000000
-0.002763 -0.999996 0.000480 -794.102131 0.183759 -0.000979 -0.982971 128.333512 0.982967 -0.002628 0.183761 645.190268 0.000000 0.000000 0.000000 1.000000
-0.033666 -0.999433 0.000139 -805.914829 0.171666 -0.005920 -0.985137 116.231759 0.984580 -0.033142 0.171768 623.821508 0.000000 0.000000 0.000000 1.000000
-0.025941 -0.999663 0.000098 -809.676237 0.169515 -0.004496 -0.985517 112.314452 0.985186 -0.025548 0.169575 610.413512 0.000000 0.000000 0.000000 1.000000
-0.033994 -0.999422 0.000508 -810.463568 0.171281 -0.006327 -0.985202 111.240968 0.984636 -0.033404 0.171397 599.912182 0.000000 0.000000 0.000000 1.000000
-0.010335 -0.999947 -0.000352 -800.232654 0.180617 -0.001521 -0.983552 117.379316 0.983499 -0.010229 0.180623 603.001550 0.000000 0.000000 0.000000 1.000000
0.000089 -1.000000 -0.000115 -795.318495 0.178588 0.000129 -0.983924 115.830395 0.983924 0.000067 0.178588 599.883516 0.000000 0.000000 0.000000 1.000000
0.027182 -0.999630 0.000158 -778.190001 0.177411 0.004669 -0.984126 117.140255 0.983761 0.026779 0.177472 612.036651 0.000000 0.000000 0.000000 1.000000
0.039798 -0.999191 -0.005797 -723.478615 0.170505 0.012508 -0.985277 119.601701 0.984553 0.038223 0.170865 665.472464 0.000000 0.000000 0.000000 1.000000
0.158005 -0.987438 -0.000356 -671.297078 0.164401 0.026663 -0.986033 123.496449 0.973656 0.155740 0.166549 707.084730 0.000000 0.000000 0.000000 1.000000
0.254297 -0.967126 -0.000014 -613.349187 0.158129 0.041593 -0.986542 129.643701 0.954111 0.250872 0.163508 746.114740 0.000000 0.000000 0.000000 1.000000
0.346432 -0.938075 0.000643 -545.203656 0.147923 0.053951 -0.987526 131.896139 0.926339 0.342206 0.157453 786.633023 0.000000 0.000000 0.000000 1.000000
0.425662 -0.904882 0.000134 -475.917473 0.140911 0.066139 -0.987811 134.663042 0.893843 0.420493 0.155661 818.808523 0.000000 0.000000 0.000000 1.000000
0.511376 -0.859357 -0.000477 -394.505822 0.137882 0.082597 -0.986999 142.763427 0.848224 0.504661 0.160728 848.493910 0.000000 0.000000 0.000000 1.000000
0.584710 -0.811243 0.000091 -318.946352 0.126647 0.091171 -0.987749 142.553588 0.801296 0.577558 0.156050 868.397051 0.000000 0.000000 0.000000 1.000000
0.647492 -0.762073 0.000295 -248.243362 0.111776 0.094588 -0.989222 136.229247 0.753831 0.640546 0.146426 881.364721 0.000000 0.000000 0.000000 1.000000
0.713361 -0.700796 -0.000333 -167.863546 0.100837 0.103116 -0.989545 132.746245 0.693504 0.705869 0.144225 889.013882 0.000000 0.000000 0.000000 1.000000
0.794453 -0.607325 0.000057 -57.291190 0.088257 0.115357 -0.989396 135.725082 0.600878 0.786034 0.145246 890.893612 0.000000 0.000000 0.000000 1.000000
0.847753 -0.530391 0.000019 26.429140 0.077968 0.124586 -0.989141 135.594037 0.524629 0.838549 0.146972 881.254344 0.000000 0.000000 0.000000 1.000000
0.850326 -0.526256 0.000009 30.402875 0.079806 0.128934 -0.988437 137.730491 0.520170 0.840494 0.151635 869.211720 0.000000 0.000000 0.000000 1.000000
0.810043 -0.586371 0.000043 -32.527986 0.093396 0.128949 -0.987243 142.498653 0.578885 0.799713 0.159219 856.988839 0.000000 0.000000 0.000000 1.000000
0.759304 -0.650736 0.000000 -102.327046 0.103723 0.121027 -0.987215 139.419867 0.642416 0.749597 0.159393 840.806860 0.000000 0.000000 0.000000 1.000000
0.708092 -0.706120 0.000051 -164.497629 0.108235 0.108466 -0.988190 130.836392 0.697775 0.699736 0.153231 821.571879 0.000000 0.000000 0.000000 1.000000
0.652649 -0.757660 -0.000019 -226.227640 0.115711 0.099699 -0.988267 126.102718 0.748772 0.644989 0.152738 796.798009 0.000000 0.000000 0.000000 1.000000
0.578487 -0.815692 0.000085 -299.750413 0.133467 0.094552 -0.986533 129.093336 0.804699 0.570707 0.163565 759.340298 0.000000 0.000000 0.000000 1.000000
0.493403 -0.869801 -0.000124 -372.596457 0.136580 0.077617 -0.987584 116.434691 0.859010 0.487260 0.157094 716.331042 0.000000 0.000000 0.000000 1.000000
0.416501 -0.909135 -0.000020 -433.618026 0.147003 0.067369 -0.986839 112.029914 0.897171 0.411017 0.161705 669.080431 0.000000 0.000000 0.000000 1.000000
0.348960 -0.937138 -0.000011 -480.620317 0.150535 0.056066 -0.987014 103.568754 0.924968 0.344426 0.160637 625.361816 0.000000 0.000000 0.000000 1.000000
0.251626 -0.967824 0.000056 -540.732494 0.161620 0.041963 -0.985960 96.750889 0.954234 0.248103 0.166979 562.270810 0.000000 0.000000 0.000000 1.000000
0.132325 -0.991206 0.000052 -604.328598 0.157683 0.020999 -0.987267 79.031389 0.978584 0.130648 0.159075 483.029464 0.000000 0.000000 0.000000 1.000000
0.023409 -0.999726 -0.000056 -652.198665 0.157858 0.003752 -0.987455 65.570922 0.987184 0.023107 0.157902 404.652911 0.000000 0.000000 0.000000 1.000000
-0.064098 -0.997944 0.000030 -683.903622 0.157200 -0.010126 -0.987515 54.217806 0.985485 -0.063293 0.157526 336.181299 0.000000 0.000000 0.000000 1.000000
-0.139191 -0.990265 -0.000186 -706.477381 0.148294 -0.020659 -0.988728 41.100896 0.979099 -0.137650 0.149726 271.830160 0.000000 0.000000 0.000000 1.000000
-0.182128 -0.983275 0.000142 -716.687382 0.143461 -0.026715 -0.989295 33.646786 0.972753 -0.180158 0.145927 230.428782 0.000000 0.000000 0.000000 1.000000
-0.073386 -0.997303 0.000526 -686.347401 0.126991 -0.009868 -0.991855 38.109478 0.989185 -0.072721 0.127373 299.948568 0.000000 0.000000 0.000000 1.000000
0.374412 -0.927262 0.000005 -489.383068 0.087732 0.035419 -0.995514 52.729953 0.923103 0.372733 0.094612 561.683956 0.000000 0.000000 0.000000 1.000000
0.754838 -0.655911 -0.000031 -183.130068 0.065640 0.075587 -0.994976 70.801586 0.652618 0.751044 0.100110 716.478182 0.000000 0.000000 0.000000 1.000000
0.901929 -0.431885 -0.000033 8.893041 0.049594 0.103646 -0.993377 83.549694 0.429028 0.895954 0.114900 732.338948 0.000000 0.000000 0.000000 1.000000
0.956616 -0.291351 0.000099 117.759550 0.035131 0.115010 -0.992743 85.087064 0.289225 0.949677 0.120256 715.565195 0.000000 0.000000 0.000000 1.000000
0.963628 -0.267246 0.000159 133.517922 0.033902 0.121650 -0.991994 88.884968 0.265087 0.955919 0.126286 704.979456 0.000000 0.000000 0.000000 1.000000
0.959168 -0.282837 -0.000166 122.372825 0.035513 0.121013 -0.992015 88.620063 0.280599 0.951503 0.126116 699.296777 0.000000 0.000000 0.000000 1.000000
0.958943 -0.283600 -0.000285 121.756108 0.034586 0.117943 -0.992418 85.975585 0.281483 0.951662 0.122910 692.290606 0.000000 0.000000 0.000000 1.000000
0.956168 -0.292817 -0.000191 115.391556 0.036429 0.119603 -0.992153 85.964614 0.290543 0.948659 0.125028 683.133142 0.000000 0.000000 0.000000 1.000000
0.957166 -0.289539 0.000024 114.426729 0.037587 0.124174 -0.991548 84.103733 0.287088 0.949078 0.129738 672.638223 0.000000 0.000000 0.000000 1.000000
0.945676 -0.325110 -0.000048 91.507755 0.040846 0.118959 -0.992059 82.695277 0.322534 0.938164 0.125776 664.510770 0.000000 0.000000 0.000000 1.000000
0.913269 -0.407357 -0.000005 33.998655 0.052498 0.117709 -0.991660 83.163676 0.403960 0.905652 0.128885 659.059693 0.000000 0.000000 0.000000 1.000000
0.885893 -0.463889 -0.000030 -6.373590 0.059554 0.113796 -0.991718 80.789200 0.460050 0.878554 0.128438 648.047315 0.000000 0.000000 0.000000 1.000000
0.861706 -0.507408 0.000149 -39.352177 0.069224 0.117269 -0.990685 85.245849 0.502664 0.853689 0.136176 633.657172 0.000000 0.000000 0.000000 1.000000
0.853246 -0.521508 0.000071 -48.574247 0.069229 0.113132 -0.991165 80.705305 0.516893 0.845713 0.132633 621.562951 0.000000 0.000000 0.000000 1.000000
0.859909 -0.510447 0.000017 -39.970638 0.065774 0.110771 -0.991667 76.168133 0.506192 0.852745 0.128827 610.327960 0.000000 0.000000 0.000000 1.000000
0.862335 -0.506338 0.000119 -37.203454 0.062324 0.105909 -0.992421 71.149734 0.502488 0.855807 0.122886 598.924365 0.000000 0.000000 0.000000 1.000000
0.860973 -0.508651 -0.000154 -38.501983 0.057951 0.098393 -0.993459 62.892078 0.505339 0.855332 0.114190 587.166472 0.000000 0.000000 0.000000 1.000000
0.859723 -0.510761 0.000038 -40.142482 0.054860 0.092267 -0.994222 58.594061 0.507806 0.854757 0.107344 574.705348 0.000000 0.000000 0.000000 1.000000
0.856094 -0.516821 -0.000005 -43.963122 0.051310 0.085002 -0.995059 52.325770 0.514267 0.851863 0.099287 561.940481 0.000000 0.000000 0.000000 1.000000
0.851192 -0.524854 0.000070 -49.043763 0.052702 0.085339 -0.994957 52.135200 0.522201 0.846903 0.100301 547.678194 0.000000 0.000000 0.000000 1.000000
0.845983 -0.533210 0.000039 -53.921769 0.052873 0.083815 -0.995078 50.269942 0.530582 0.841821 0.099098 534.477679 0.000000 0.000000 0.000000 1.000000
0.851999 -0.523544 0.000018 -47.452680 0.052724 0.085767 -0.994919 50.185322 0.520882 0.847671 0.100677 522.232778 0.000000 0.000000 0.000000 1.000000
0.855642 -0.517568 -0.000024 -43.812510 0.051354 0.084943 -0.995062 48.424798 0.515014 0.851415 0.099260 510.956147 0.000000 0.000000 0.000000 1.000000
0.857094 -0.515160 0.000003 -42.282465 0.055773 0.092787 -0.994123 52.137779 0.512132 0.852057 0.108259 498.554296 0.000000 0.000000 0.000000 1.000000
0.858619 -0.512615 0.000031 -40.601321 0.053658 0.089816 -0.994512 49.296837 0.509799 0.853908 0.104624 488.249789 0.000000 0.000000 0.000000 1.000000
0.860087 -0.510148 -0.000017 -39.133359 0.058829 0.099218 -0.993325 53.730178 0.506744 0.854345 0.115347 476.371430 0.000000 0.000000 0.000000 1.000000
0.865810 -0.500374 -0.000010 -33.781855 0.064064 0.110872 -0.991768 58.696664 0.496256 0.858681 0.128049 464.750795 0.000000 0.000000 0.000000 1.000000
0.873587 -0.486668 -0.000032 -26.334232 0.058410 0.104912 -0.992765 53.541800 0.483150 0.867265 0.120076 453.567981 0.000000 0.000000 0.000000 1.000000
0.904319 -0.426858 -0.000010 3.103485 0.047273 0.100174 -0.993846 48.523239 0.424232 0.898753 0.110768 442.157564 0.000000 0.000000 0.000000 1.000000
0.940881 -0.338737 -0.000026 44.423329 0.037125 0.103196 -0.993968 46.709903 0.336696 0.935205 0.109671 427.950732 0.000000 0.000000 0.000000 1.000000
0.960658 -0.277733 0.000004 71.019082 0.031559 0.109145 -0.993525 46.547377 0.275934 0.954438 0.113616 411.971393 0.000000 0.000000 0.000000 1.000000
0.979176 -0.203015 0.000014 101.706881 0.025301 0.121963 -0.992212 48.710008 0.201433 0.971550 0.124560 392.753664 0.000000 0.000000 0.000000 1.000000
0.994415 -0.105539 0.000029 138.692594 0.014806 0.139226 -0.990150 51.486001 0.104496 0.984620 0.140012 368.651936 0.000000 0.000000 0.000000 1.000000
0.999811 -0.019418 0.000298 168.352688 0.003224 0.150810 -0.988558 51.673587 0.019151 0.988372 0.150844 343.927560 0.000000 0.000000 0.000000 1.000000
0.997258 0.073887 0.004223 190.908659 -0.008063 0.165197 -0.986228 48.018234 -0.073567 0.983489 0.165340 319.212885 0.000000 0.000000 0.000000 1.000000
0.991504 0.130075 -0.000306 214.725242 -0.020120 0.151043 -0.988322 43.364240 -0.128510 0.979932 0.152377 290.465485 0.000000 0.000000 0.000000 1.000000
0.979059 0.203578 -0.000375 234.656153 -0.031454 0.149454 -0.988268 38.548047 -0.201134 0.967584 0.152727 260.546724 0.000000 0.000000 0.000000 1.000000
0.975727 0.218992 -0.000190 237.865062 -0.033976 0.150524 -0.988022 35.869664 -0.216340 0.964046 0.154310 244.876856 0.000000 0.000000 0.000000 1.000000
0.976484 0.215592 0.000209 236.112086 -0.034560 0.157490 -0.986916 35.640770 -0.212804 0.963700 0.161237 234.871425 0.000000 0.000000 0.000000 1.000000
0.978887 0.204402 -0.000255 233.836363 -0.032200 0.152975 -0.987705 32.337137 -0.201850 0.966860 0.156327 225.359312 0.000000 0.000000 0.000000 1.000000
0.978796 0.204835 -0.000103 233.337820 -0.032817 0.156317 -0.987162 31.029600 -0.202190 0.966234 0.159724 214.377277 0.000000 0.000000 0.000000 1.000000
0.976005 0.217747 -0.000121 235.622350 -0.035878 0.160264 -0.986422 29.500698 -0.214771 0.962757 0.164231 201.109378 0.000000 0.000000 0.000000 1.000000
0.975725 0.218997 0.000016 235.383557 -0.032813 0.146264 -0.988701 24.324062 -0.216525 0.964701 0.149899 190.833958 0.000000 0.000000 0.000000 1.000000
0.985149 0.171704 -0.000023 225.849085 -0.025082 0.143777 -0.989292 23.288106 -0.169862 0.974600 0.145948 191.168584 0.000000 0.000000 0.000000 1.000000
0.996360 0.085241 -0.000015 208.781108 -0.011615 0.135584 -0.990698 22.494433 -0.084446 0.987092 0.136081 199.495511 0.000000 0.000000 0.000000 1.000000
0.999942 -0.010774 0.000035 189.359485 0.001500 0.135974 -0.990711 23.572250 0.010669 0.990654 0.135982 207.567793 0.000000 0.000000 0.000000 1.000000
0.998016 -0.062956 -0.000029 178.475766 0.008273 0.131611 -0.991267 22.517283 0.062410 0.989300 0.131870 206.080494 0.000000 0.000000 0.000000 1.000000
0.994419 -0.105501 0.000592 168.098719 0.014246 0.128720 -0.991579 21.602982 0.104536 0.986053 0.129505 205.033101 0.000000 0.000000 0.000000 1.000000
0.989138 -0.146987 -0.000009 161.295109 0.017300 0.116480 -0.993042 18.996908 0.145965 0.982256 0.117758 201.496448 0.000000 0.000000 0.000000 1.000000
0.986698 -0.162566 0.000005 158.190230 0.017696 0.107375 -0.994061 16.769653 0.161600 0.980838 0.108823 195.096219 0.000000 0.000000 0.000000 1.000000
0.988091 -0.153868 0.000034 159.598178 0.015217 0.097497 -0.995119 13.880721 0.153114 0.983270 0.098677 183.168821 0.000000 0.000000 0.000000 1.000000
0.987214 -0.159399 0.000140 158.192461 0.014790 0.090726 -0.995766 12.462338 0.158711 0.983037 0.091924 175.176895 0.000000 0.000000 0.000000 1.000000
0.987496 -0.157642 -0.000011 158.493978 0.014955 0.093750 -0.995483 12.531847 0.156931 0.983036 0.094935 166.599141 0.000000 0.000000 0.000000 1.000000
0.988336 -0.152289 -0.000011 159.155759 0.016174 0.105037 -0.994337 13.969067 0.151428 0.982739 0.106275 159.211405 0.000000 0.000000 0.000000 1.000000
0.988216 -0.153068 -0.000210 158.884719 0.016620 0.108662 -0.993940 14.068367 0.152163 0.982223 0.109925 154.513044 0.000000 0.000000 0.000000 1.000000
0.989023 -0.147764 0.000049 159.474806 0.016532 0.110321 -0.993758 14.225891 0.146836 0.982850 0.111553 151.195333 0.000000 0.000000 0.000000 1.000000
0.989226 -0.146395 -0.000090 159.722753 0.016776 0.113969 -0.993343 14.243656 0.145430 0.982639 0.115197 146.369855 0.000000 0.000000 0.000000 1.000000
0.989746 -0.142835 -0.000137 160.172775 0.017194 0.120095 -0.992613 14.708537 0.141797 0.982433 0.121320 140.252150 0.000000 0.000000 0.000000 1.000000
0.990223 -0.139496 -0.000198 160.419619 0.017602 0.126356 -0.991829 14.931000 0.138381 0.982128 0.127576 132.626691 0.000000 0.000000 0.000000 1.000000
0.989714 -0.143057 -0.000062 159.838682 0.018630 0.129315 -0.991429 14.668391 0.141839 0.981230 0.130650 125.252546 0.000000 0.000000 0.000000 1.000000
0.988309 -0.152462 -0.000245 158.572000 0.021253 0.139358 -0.990014 15.166681 0.150973 0.978435 0.140969 119.333805 0.000000 0.000000 0.000000 1.000000
0.989306 -0.145852 0.000387 159.054042 0.021995 0.146568 -0.988956 14.653034 0.144184 0.978389 0.148209 110.247250 0.000000 0.000000 0.000000 1.000000
0.989447 -0.144899 0.000066 159.363995 0.020462 0.139272 -0.990043 12.626203 0.143447 0.979596 0.140767 101.795615 0.000000 0.000000 0.000000 1.000000
0.989640 -0.143573 -0.000028 159.294420 0.022233 0.153445 -0.987907 12.774550 0.141841 0.977672 0.155047 93.152033 0.000000 0.000000 0.000000 1.000000
0.986083 -0.166256 -0.000096 156.894417 0.028630 0.170376 -0.984963 13.774489 0.163773 0.971252 0.172765 89.098467 0.000000 0.000000 0.000000 1.000000
0.975239 -0.221155 -0.000327 152.061360 0.042141 0.187283 -0.981402 15.766874 0.217104 0.957087 0.191966 90.015900 0.000000 0.000000 0.000000 1.000000
0.952668 -0.304014 0.000030 144.471802 0.059671 0.186889 -0.980567 17.287309 0.298101 0.934156 0.196184 95.763015 0.000000 0.000000 0.000000 1.000000
0.924920 -0.380163 0.000030 137.322716 0.068942 0.167656 -0.983432 16.228226 0.373859 0.909598 0.181277 99.842930 0.000000 0.000000 0.000000 1.000000
0.877773 -0.479078 -0.000003 126.842281 0.080988 0.148393 -0.985607 15.873383 0.472183 0.865138 0.169055 106.924581 0.000000 0.000000 0.000000 1.000000
0.825583 -0.564281 0.000011 116.874082 0.101584 0.148605 -0.983665 17.549359 0.555062 0.812098 0.180007 111.106627 0.000000 0.000000 0.000000 1.000000
0.788091 -0.615559 0.000018 110.582442 0.111613 0.142868 -0.983428 17.338962 0.605355 0.775033 0.181298 110.833434 0.000000 0.000000 0.000000 1.000000
0.771478 -0.636256 -0.000079 108.160103 0.109678 0.133110 -0.985014 15.675478 0.626732 0.759908 0.172474 107.090779 0.000000 0.000000 0.000000 1.000000
0.766035 -0.642799 0.000003 107.574365 0.103454 0.123283 -0.986964 12.986737 0.634419 0.756049 0.160940 100.409334 0.000000 0.000000 0.000000 1.000000
0.759853 -0.650095 -0.000043 106.848314 0.101557 0.118769 -0.987715 11.429722 0.642113 0.750514 0.156268 93.604435 0.000000 0.000000 0.000000 1.000000
0.724839 -0.688918 -0.000007 102.429664 0.098829 0.103992 -0.989656 9.510439 0.681793 0.717340 0.143462 91.012663 0.000000 0.000000 0.000000 1.000000
0.601265 -0.799050 -0.000006 87.720398 0.105612 0.079478 -0.991226 9.894244 0.792040 0.595989 0.132176 99.479677 0.000000 0.000000 0.000000 1.000000
0.466518 -0.884512 -0.000008 72.769728 0.117691 0.062083 -0.991108 10.834122 0.876647 0.462368 0.133062 105.833190 0.000000 0.000000 0.000000 1.000000
0.298611 -0.954375 -0.000025 54.532376 0.112139 0.035112 -0.993072 9.845886 0.947764 0.296539 0.117508 111.705792 0.000000 0.000000 0.000000 1.000000
0.152537 -0.988298 0.000136 39.196816 0.108388 0.016593 -0.993970 9.505791 0.982336 0.151632 0.109651 113.371401 0.000000 0.000000 0.000000 1.000000
-0.018355 -0.999832 -0.000055 21.641988 0.118303 -0.002117 -0.992975 10.364001 0.992808 -0.018233 0.118322 113.005962 0.000000 0.000000 0.000000 1.000000
-0.160762 -0.986993 -0.000003 7.351655 0.115891 -0.018873 -0.993083 10.213909 0.980166 -0.159650 0.117417 109.704401 0.000000 0.000000 0.000000 1.000000
-0.277157 -0.960825 -0.000138 -3.626384 0.116901 -0.033578 -0.992576 10.125447 0.953686 -0.275116 0.121628 103.868453 0.000000 0.000000 0.000000 1.000000
-0.325465 -0.945554 -0.000135 -7.877096 0.115423 -0.039588 -0.992527 9.732219 0.938483 -0.323049 0.122023 97.588107 0.000000 0.000000 0.000000 1.000000
-0.368075 -0.929796 -0.000007 -11.248143 0.108418 -0.042912 -0.993179 8.798677 0.923454 -0.365565 0.116601 90.628538 0.000000 0.000000 0.000000 1.000000
-0.383507 -0.923538 0.000000 -12.015823 0.121690 -0.050533 -0.991281 9.631716 0.915486 -0.380163 0.131765 83.986516 0.000000 0.000000 0.000000 1.000000
-0.374621 -0.927178 -0.000002 -10.737957 0.129739 -0.052418 -0.990162 9.752857 0.918056 -0.370936 0.139928 77.693179 0.000000 0.000000 0.000000 1.000000
-0.364107 -0.931357 -0.000021 -9.421784 0.149605 -0.058464 -0.987016 10.689374 0.919263 -0.359382 0.160623 71.447203 0.000000 0.000000 0.000000 1.000000
-0.352307 -0.935884 -0.000014 -8.147108 0.158391 -0.059611 -0.985575 10.652319 0.922384 -0.347227 0.169237 65.651630 0.000000 0.000000 0.000000 1.000000
-0.343598 -0.939117 0.000003 -7.220001 0.169490 -0.062015 -0.983579 10.659250 0.923695 -0.337956 0.180479 59.739202 0.000000 0.000000 0.000000 1.000000
-0.338926 -0.940813 -0.000006 -6.707889 0.168145 -0.060568 -0.983900 9.442389 0.925665 -0.333471 0.178721 53.686787 0.000000 0.000000 0.000000 1.000000
-0.343055 -0.939315 -0.000003 -6.724214 0.165143 -0.060310 -0.984424 7.879242 0.924684 -0.337712 0.175811 47.572815 0.000000 0.000000 0.000000 1.000000
-0.346923 -0.937893 -0.000002 -6.699433 0.157099 -0.058109 -0.985872 6.494760 0.924643 -0.342022 0.167502 41.850009 0.000000 0.000000 0.000000 1.000000
-0.334031 -0.942562 0.000000 -5.979501 0.163915 -0.058090 -0.984763 5.658400 0.928200 -0.328941 0.173904 35.534091 0.000000 0.000000 0.000000 1.000000
-0.298916 -0.954280 0.000007 -4.754299 0.162564 -0.050929 -0.985383 4.471300 0.940331 -0.294545 0.170355 29.429783 0.000000 0.000000 0.000000 1.000000
-0.240298 -0.970699 0.000007 -3.460629 0.144969 -0.035894 -0.988785 2.873403 0.959813 -0.237602 0.149346 23.092064 0.000000 0.000000 0.000000 1.000000
-0.077317 -0.997007 -0.000001 -1.110490 0.124630 -0.009664 -0.992156 1.194447 0.989186 -0.076710 0.125004 16.767690 0.000000 0.000000 0.000000 1.000000
0.102856 -0.994696 -0.000000 0.908301 0.102611 0.010611 -0.994665 0.130454 0.989390 0.102307 0.103158 10.088152 0.000000 0.000000 0.000000 1.000000
0.030172 -0.999545 0.000000 2.671485 0.023126 0.000698 -0.999732 -0.780460 0.999277 0.030164 0.023136 5.648541 0.000000 0.000000 0.000000 1.000000
0.093226 -0.995645 -0.000000 5.424206 0.018342 0.001718 -0.999830 -0.541042 0.995476 0.093210 0.018423 3.601501 0.000000 0.000000 0.000000 1.000000
0.238775 -0.971075 -0.000001 8.376063 0.019762 0.004860 -0.999793 -0.585720 0.970874 0.238726 0.020351 1.065853 0.000000 0.000000 0.000000 1.000000
0.309661 -0.950847 0.000001 11.741570 0.018370 0.005982 -0.999813 -0.335101 0.950670 0.309603 0.019319 -1.626006 0.000000 0.000000 0.000000 1.000000
0.310288 -0.950643 0.000000 15.633782 0.032963 0.010759 -0.999399 -0.432379 0.950071 0.310102 0.034674 -3.703503 0.000000 0.000000 0.000000 1.000000
0.124482 -0.992222 0.000000 20.337492 0.028545 0.003581 -0.999586 -0.371216 0.991811 0.124430 0.028769 -2.342900 0.000000 0.000000 0.000000 1.000000
-0.122245 -0.992500 -0.000001 24.124995 0.028133 -0.003464 -0.999598 -0.263734 0.992101 -0.122196 0.028345 1.412743 0.000000 0.000000 0.000000 1.000000
-0.371167 -0.928566 0.000000 25.795245 0.028198 -0.011271 -0.999539 -0.103496 0.928138 -0.370996 0.030367 6.593743 0.000000 0.000000 0.000000 1.000000
-0.594492 -0.804101 -0.000001 24.904430 0.022544 -0.016666 -0.999607 0.045578 0.803785 -0.594259 0.028036 12.457499 0.000000 0.000000 0.000000 1.000000
-0.820851 -0.571142 -0.000000 21.645979 0.014132 -0.020310 -0.999694 0.172432 0.570968 -0.820600 0.024743 19.239562 0.000000 0.000000 0.000000 1.000000
-0.968391 -0.249439 0.000002 16.715648 0.004945 -0.019207 -0.999803 0.183244 0.249390 -0.968200 0.019833 24.548184 0.000000 0.000000 0.000000 1.000000
-0.995979 0.089584 0.000010 10.356567 -0.002717 -0.030103 -0.999543 0.836762 -0.089542 -0.995524 0.030225 27.679611 0.000000 0.000000 0.000000 1.000000
-0.998271 0.058783 0.000004 13.900183 -0.003464 -0.058761 -0.998266 1.478709 -0.058681 -0.996540 0.058863 25.076869 0.000000 0.000000 0.000000 1.000000
-0.991137 0.132846 0.000020 13.955148 -0.010245 -0.076290 -0.997033 1.819190 -0.132450 -0.988196 0.076975 23.566540 0.000000 0.000000 0.000000 1.000000
-0.980666 0.195690 -0.000009 14.091106 -0.021415 -0.107362 -0.993989 2.648289 -0.194515 -0.974771 0.109477 21.270032 0.000000 0.000000 0.000000 1.000000
-0.960819 -0.277176 -0.000079 21.922173 0.004166 -0.014156 -0.999891 0.436628 0.277145 -0.960715 0.014756 9.010237 0.000000 0.000000 0.000000 1.000000
-0.910154 -0.414270 -0.000225 22.033739 -0.031483 0.069710 -0.997070 0.053518 0.413072 -0.907481 -0.076489 3.271417 0.000000 0.000000 0.000000 1.000000
-0.831527 0.555484 0.000002 9.953601 -0.111859 -0.167444 -0.979515 3.969462 -0.544105 -0.814494 0.201370 17.802355 0.000000 0.000000 0.000000 1.000000
-0.392079 0.919931 0.000001 0.365338 -0.148206 -0.063165 -0.986937 3.426364 -0.907915 -0.386958 0.161105 19.105516 0.000000 0.000000 0.000000 1.000000
-0.230800 0.973001 -0.000003 -0.753361 -0.159522 -0.037842 -0.986469 3.192479 -0.959835 -0.227677 0.163949 17.356489 0.000000 0.000000 0.000000 1.000000
-0.161253 0.986913 -0.000013 -0.668144 -0.207426 -0.033904 -0.977663 3.672034 -0.964869 -0.157648 0.210179 15.635005 0.000000 0.000000 0.000000 1.000000
-0.094592 0.995516 -0.000016 -0.872175 -0.201531 -0.019165 -0.979295 3.263088 -0.974904 -0.092630 0.202441 14.283780 0.000000 0.000000 0.000000 1.000000
-0.065070 0.997881 -0.000012 -0.636538 -0.205105 -0.013386 -0.978648 2.973972 -0.976574 -0.063679 0.205542 12.681794 0.000000 0.000000 0.000000 1.000000
-0.047950 0.998850 0.000003 -0.427418 -0.205157 -0.009845 -0.978680 2.292797 -0.977554 -0.046928 0.205393 10.925200 0.000000 0.000000 0.000000 1.000000
-0.036518 0.999333 -0.000023 -0.280700 -0.195451 -0.007165 -0.980687 1.658345 -0.980033 -0.035808 0.195582 8.313999 0.000000 0.000000 0.000000 1.000000
0.025037 0.999687 -0.000091 -0.301657 -0.182915 0.004492 -0.983118 0.619615 -0.982810 0.024631 0.182970 4.985149 0.000000 0.000000 0.000000 1.000000
0.074910 0.997190 0.000004 -0.231210 -0.173310 0.013023 -0.984781 -0.182467 -0.982014 0.073770 0.173798 2.458230 0.000000 0.000000 0.000000 1.000000
0.072853 0.997343 -0.000016 -0.169778 -0.163915 0.011958 -0.986402 -0.873256 -0.983781 0.071865 0.164351 0.301472 0.000000 0.000000 0.000000 1.000000
0.094773 0.995499 0.000325 -0.148117 -0.160551 0.015607 -0.986904 -1.012182 -0.982467 0.093480 0.161308 -0.548202 0.000000 0.000000 0.000000 1.000000
0.093478 0.995621 0.000037 -0.169233 -0.163118 0.015352 -0.986487 -1.018154 -0.982168 0.092209 0.163839 -0.570657 0.000000 0.000000 0.000000 1.000000
0.092866 0.995679 0.000021 -0.199149 -0.162544 0.015181 -0.986584 -1.015633 -0.982321 0.091617 0.163252 -0.558013 0.000000 0.000000 0.000000 1.000000
0.097105 0.995274 0.000194 -0.273140 -0.167838 0.016567 -0.985675 -0.659159 -0.981020 0.095682 0.168654 -0.252422 0.000000 0.000000 0.000000 1.000000
0.100663 0.994921 -0.000018 -0.281930 -0.169514 0.017133 -0.985379 -0.524853 -0.980373 0.099195 0.170378 0.528830 0.000000 0.000000 0.000000 1.000000
0.070634 0.997502 -0.000000 -0.237817 -0.170575 0.012078 -0.985271 -0.474060 -0.982810 0.069594 0.171002 0.820109 0.000000 0.000000 0.000000 1.000000
0.071112 0.997468 -0.000104 -0.268605 -0.172401 0.012188 -0.984951 -0.489157 -0.982457 0.070060 0.172831 0.725421 0.000000 0.000000 0.000000 1.000000
0.071142 0.997466 -0.000167 -0.280860 -0.174545 0.012284 -0.984573 -0.491841 -0.982076 0.070074 0.174977 0.702267 0.000000 0.000000 0.000000 1.000000
0.069593 0.997575 -0.000226 -0.306521 -0.178769 0.012249 -0.983815 -0.491950 -0.981427 0.068507 0.179188 0.687299 0.000000 0.000000 0.000000 1.000000
