9789.13 -173.978 -1583.63
8999.25 -27.3131 -300.009
8256.15 -54.8554 587.947
8256.15 -54.8554 587.947
9048.35 -27.072 -363.109
9048.35 -27.072 -363.109
8900.5 -5.09269 -157.739
9371.62 -140.393 -980.199
9371.62 -140.393 -980.199
9720.51 -98.5001 -1378.93
9720.51 -98.5001 -1378.93
9070.8 -15.7637 -388.079
9412.15 -123.777 -1010.86
8927.66 5.98011 -178.626
9408.94 -123.217 -1006.07
8200.27 -45.5214 674.055
7775.85 23.7513 1342.21
7775.85 23.7513 1342.21
10255 -238.974 -2309.9
8636.34 -29.1681 163.315
8636.34 -29.1681 163.315
9803.63 -64.6712 -1440.22
9803.63 -64.6712 -1440.22
9212.98 -110.942 -732.653
9135.65 -26.1096 -483.16
9261.23 -107.313 -781.632
9261.23 -107.313 -781.632
10337.8 -200.697 -2345.97
10337.8 -200.697 -2345.97
9967.96 -131.967 -1751.46
9600.94 -75.5271 -1179.81
8884.93 11.9288 -110.867
10154 -212.005 -2118.8
8884.93 11.9288 -110.867
8687.18 -10.8572 115.657
8687.18 -10.8572 115.657
8687.18 -10.8572 115.657
8185.16 -42.9646 700.645
9580.57 -71.2066 -1148.9
7880.25 6.38393 1180.64
9551.49 -66.3201 -1105.02
9767.3 -147.809 -1516.5
8832.66 -59.5526 -146.411
8508.6 34.4274 430.179
9448.14 -51.7326 -947.076
8839.07 18.5552 -40.6334
8696.98 40.9929 134.485
8470.12 16.2005 444.529
8470.12 16.2005 444.529
9088.3 -75.5155 -510.943
9088.3 -75.5155 -510.943
9724.99 -163.959 -1485.02
8904.16 -53.501 -234.007
8946.32 -64.0136 -289.281
9088.3 -75.5155 -510.943
8816.46 22.1501 -5.1723
8816.46 22.1501 -5.1723
9765.19 -167.923 -1590.22
8850.9 -62.6348 -177.393
9105.69 -90.8309 -537.127
10081.5 -138.565 -1916.62
8497.94 23.6855 376.084
9126.54 -58.451 -509.212
9295.84 -36.6352 -741.433
9073.29 -72.265 -484.83
9987.24 -180.488 -1859.2
9987.24 -180.488 -1859.2
9770.59 -171.119 -1550.91
9770.59 -171.119 -1550.91
4112.52 756.614 5849.18
9016.96 -79.0355 -411.768
9768.25 -190.602 -1589.51
9768.25 -190.602 -1589.51
9870.45 -163.193 -1674.49
9659.73 -146.541 -1408.7
9021.1 -64.3985 -402.635
8809.76 -75.3042 -151.711
8809.76 -75.3042 -151.711
11130.2 -275.025 -3505.71
8729.62 24.5929 113.079
9906.81 -168.645 -1736.55
9474.67 -134.825 -1100.59
9826.43 -81.4741 -1506.26
9012.49 -63.2539 -386.926
10478 -273.401 -2618.47
9235.39 -49.4249 -649.762
8736.66 14.2853 104.084
1634.04 1151.03 9008.68
9840.73 -157.49 -1637.93
10456.3 -251.327 -2580.35
8989.2 -59.5403 -353.106
9229.29 -60.5287 -639.09
10456.3 -251.327 -2580.35
8798.44 -86.3958 -144.752
10770.2 -230.971 -2960.23
8690.18 5.7199 147.183
4017.53 771.596 5971.2
9268.63 -53.2854 -701.434
9058.77 -70.2984 -461.225
8968.47 -18.4796 -270.478
9011.92 -12.4207 -324.461
8962.39 -68.4844 -316.386
8962.39 -68.4844 -316.386
9502.09 -96.9604 -1097.03
9187.33 -52.6375 -576.75
9512.21 -102.971 -1105.75
8802.8 -13.6763 -7.5674
9056.44 -49.6301 -414.113
8646.88 -4.5066 179.321
8868.11 -66.3574 -195.035
10122.4 -192.29 -2049.64
8315.59 -1.52503 619.421
8383.32 -80.6676 382.588
9445.46 -65.1132 -940.353
9445.46 -65.1132 -940.353
8814.33 -27.1897 -226.715
9807.25 -157.102 -1576.4
9537.75 -108.011 -1132.48
10067.3 -120.187 -1863.59
9735.37 -165.603 -1489.35
8565.16 24.4289 350.043
8955.38 -112.045 -383.62
9523.32 -102.714 -1112.13
7951.05 -5.40693 1071.04
8684.13 -61.5346 43.1724
10933.1 -278.103 -3268.22
10157.6 -198.747 -2105.23
8722.36 -17.4374 68.315
8575.99 -19.0227 246.991
8575.99 -19.0227 246.991
9174.91 -33.9392 -561.646
8602.24 -51.5472 164.345
9914.36 -174.645 -1736.81
9841.86 -69.7085 -1494.99
4857.82 658.302 4896.68
9174.91 -33.9392 -561.646
